62
-10.026737892916 89.927877852089 0.000000000000 10.000000000000
10.024627160413 89.927877852089 0.000000000000 10.000000000000
-10.026737892916 499.791373687929 0.000000000000 10.000000000000
10.024627160413 499.791373687929 0.000000000000 10.000000000000
-10.026737892916 124.932803284172 0.000000000000 10.000000000000
-10.026737892916 159.937728716254 0.000000000000 10.000000000000
39.988390192082 159.937728716254 0.000000000000 10.000000000000
90.003518277080 159.937728716254 0.000000000000 10.000000000000
140.018646362078 159.937728716254 0.000000000000 10.000000000000
139.848719539593 210.066141349576 0.000000000000 10.000000000000
79.864551202093 210.066141349576 0.000000000000 10.000000000000
19.880382864593 210.066141349576 0.000000000000 10.000000000000
-40.103785472908 210.066141349576 0.000000000000 10.000000000000
-100.087953810409 210.066141349576 0.000000000000 10.000000000000
-160.072122147911 210.066141349576 0.000000000000 10.000000000000
-160.072122147911 255.011785897080 0.000000000000 10.000000000000
-160.072122147911 299.957430444584 0.000000000000 10.000000000000
-100.053968445913 299.957430444584 0.000000000000 10.000000000000
-40.035814743915 299.957430444584 0.000000000000 10.000000000000
19.982338958083 299.957430444584 0.000000000000 10.000000000000
80.000492660081 299.957430444584 0.000000000000 10.000000000000
140.018646362078 299.957430444584 0.000000000000 10.000000000000
139.848719539593 349.915916255421 0.000000000000 10.000000000000
79.850474003196 349.915916255421 0.000000000000 10.000000000000
19.852228466799 349.915916255421 0.000000000000 10.000000000000
-40.146017069598 349.915916255421 0.000000000000 10.000000000000
-100.144262605997 349.915916255421 0.000000000000 10.000000000000
-160.072122147911 350.085843077907 0.000000000000 10.000000000000
-160.072122147911 395.031487625411 0.000000000000 10.000000000000
-160.072122147911 439.977132172915 0.000000000000 10.000000000000
-110.056994062913 439.977132172915 0.000000000000 10.000000000000
-60.041865977914 439.977132172915 0.000000000000 10.000000000000
-10.026737892916 439.977132172915 0.000000000000 10.000000000000
10.024627160413 140.056290485411 0.000000000000 10.000000000000
60.039755245411 140.056290485411 0.000000000000 10.000000000000
110.054883330409 140.056290485411 0.000000000000 10.000000000000
160.070011415407 140.056290485411 0.000000000000 10.000000000000
160.070011415407 185.086898444158 0.000000000000 10.000000000000
159.900084592921 229.947579580419 0.000000000000 10.000000000000
99.915916255421 229.947579580419 0.000000000000 10.000000000000
39.931747917921 229.947579580419 0.000000000000 10.000000000000
-20.052420419579 229.947579580419 0.000000000000 10.000000000000
-80.036588757080 229.947579580419 0.000000000000 10.000000000000
-140.020757094582 229.947579580419 0.000000000000 10.000000000000
-140.020757094582 279.906065391256 0.000000000000 10.000000000000
-79.988526193687 279.906065391256 0.000000000000 10.000000000000
-19.956295292792 279.906065391256 0.000000000000 10.000000000000
40.075935608102 279.906065391256 0.000000000000 10.000000000000
100.108166508997 279.906065391256 0.000000000000 10.000000000000
160.070011415407 280.075992213741 0.000000000000 10.000000000000
160.070011415407 325.106600172488 0.000000000000 10.000000000000
159.900084592921 369.967281308750 0.000000000000 10.000000000000
99.915916255421 369.967281308750 0.000000000000 10.000000000000
39.931747917921 369.967281308750 0.000000000000 10.000000000000
-20.052420419579 369.967281308750 0.000000000000 10.000000000000
-80.036588757080 369.967281308750 0.000000000000 10.000000000000
-140.020757094582 369.967281308750 0.000000000000 10.000000000000
-140.020757094582 419.925767119586 0.000000000000 10.000000000000
-90.062271283746 419.925767119586 0.000000000000 10.000000000000
-40.103785472909 419.925767119586 0.000000000000 10.000000000000
9.854700337927 419.925767119586 0.000000000000 10.000000000000
10.024627160413 459.823377406515 0.000000000000 10.000000000000
