60 60
5.104309665219174307e-10 2.079836335078768880e-10 -1.467288622824613535e-11 -9.529377307952954646e-12 8.891268842286639421e-11 0.000000000000000000e+00 0.000000000000000000e+00 0.000000000000000000e+00 2.639875920533897429e-11 0.000000000000000000e+00 0.000000000000000000e+00 0.000000000000000000e+00 0.000000000000000000e+00 0.000000000000000000e+00 2.045569576041410510e-11 1.762115403753542397e-11 0.000000000000000000e+00 0.000000000000000000e+00 0.000000000000000000e+00 0.000000000000000000e+00 0.000000000000000000e+00 1.681334862692635305e-11 0.000000000000000000e+00 0.000000000000000000e+00 0.000000000000000000e+00 0.000000000000000000e+00 5.582029865002879393e-14 1.311782449733578868e-11 1.160112556917177763e-11 0.000000000000000000e+00 0.000000000000000000e+00 0.000000000000000000e+00 0.000000000000000000e+00 0.000000000000000000e+00 0.000000000000000000e+00 2.239116657958294111e-11 2.021787042796197868e-11 0.000000000000000000e+00 0.000000000000000000e+00 0.000000000000000000e+00 0.000000000000000000e+00 0.000000000000000000e+00 2.259319826821389276e-11 0.000000000000000000e+00 0.000000000000000000e+00 0.000000000000000000e+00 0.000000000000000000e+00 6.797040396454873242e-14 1.546561034222262187e-11 1.355760749192957337e-11 0.000000000000000000e+00 0.000000000000000000e+00 0.000000000000000000e+00 0.000000000000000000e+00 0.000000000000000000e+00 1.407738016149765504e-11 0.000000000000000000e+00 0.000000000000000000e+00 0.000000000000000000e+00 1.065147996315566599e-11
2.079836335078768880e-10 8.197367116014744296e-10 -2.142568128141511803e-11 -1.394947555906549269e-11 1.311359708261678711e-10 0.000000000000000000e+00 0.000000000000000000e+00 0.000000000000000000e+00 4.325099131492427656e-11 0.000000000000000000e+00 0.000000000000000000e+00 0.000000000000000000e+00 0.000000000000000000e+00 0.000000000000000000e+00 2.767815979156963607e-11 2.432760895123507373e-11 0.000000000000000000e+00 0.000000000000000000e+00 0.000000000000000000e+00 0.000000000000000000e+00 0.000000000000000000e+00 2.576498709787637533e-11 0.000000000000000000e+00 0.000000000000000000e+00 0.000000000000000000e+00 0.000000000000000000e+00 7.907463026274063568e-14 1.854044737794844200e-11 1.648955617669055288e-11 0.000000000000000000e+00 0.000000000000000000e+00 0.000000000000000000e+00 0.000000000000000000e+00 0.000000000000000000e+00 0.000000000000000000e+00 3.642488960909720361e-11 3.241607047408333878e-11 0.000000000000000000e+00 0.000000000000000000e+00 0.000000000000000000e+00 0.000000000000000000e+00 0.000000000000000000e+00 3.100350189141669414e-11 0.000000000000000000e+00 0.000000000000000000e+00 0.000000000000000000e+00 0.000000000000000000e+00 1.060289481154327578e-13 2.386776713597640576e-11 2.064279892233298092e-11 0.000000000000000000e+00 0.000000000000000000e+00 0.000000000000000000e+00 0.000000000000000000e+00 0.000000000000000000e+00 2.002662752330207451e-11 0.000000000000000000e+00 0.000000000000000000e+00 0.000000000000000000e+00 1.563648397870929507e-11
-1.467288622824613535e-11 -2.142568128141511803e-11 1.030308519543825770e-09 2.714178542149180605e-10 -1.624144593920501807e-11 0.000000000000000000e+00 0.000000000000000000e+00 0.000000000000000000e+00 -2.365629530284584966e-11 0.000000000000000000e+00 0.000000000000000000e+00 0.000000000000000000e+00 0.000000000000000000e+00 0.000000000000000000e+00 -2.431844791684577434e-11 -2.798687005344827637e-11 0.000000000000000000e+00 0.000000000000000000e+00 0.000000000000000000e+00 0.000000000000000000e+00 0.000000000000000000e+00 -3.639269048134497893e-11 0.000000000000000000e+00 0.000000000000000000e+00 0.000000000000000000e+00 0.000000000000000000e+00 -1.521487472274705210e-13 -3.818102616423216299e-11 -4.296685289729759820e-11 0.000000000000000000e+00 0.000000000000000000e+00 0.000000000000000000e+00 0.000000000000000000e+00 0.000000000000000000e+00 0.000000000000000000e+00 -1.947758993238421948e-11 -2.180057081604589987e-11 0.000000000000000000e+00 0.000000000000000000e+00 0.000000000000000000e+00 0.000000000000000000e+00 0.000000000000000000e+00 -3.021454635852189967e-11 0.000000000000000000e+00 0.000000000000000000e+00 0.000000000000000000e+00 0.000000000000000000e+00 -1.093969405413895988e-13 -2.867577537703991763e-11 -3.253921078833946260e-11 0.000000000000000000e+00 0.000000000000000000e+00 0.000000000000000000e+00 0.000000000000000000e+00 0.000000000000000000e+00 -5.058492116198848407e-11 0.000000000000000000e+00 0.000000000000000000e+00 0.000000000000000000e+00 -1.681673538362704903e-10
-9.529377307952954646e-12 -1.394947555906549269e-11 2.714178542149180605e-10 6.089232282540924405e-10 -1.051480548165594628e-11 0.000000000000000000e+00 0.000000000000000000e+00 0.000000000000000000e+00 -1.579647736317120037e-11 0.000000000000000000e+00 0.000000000000000000e+00 0.000000000000000000e+00 0.000000000000000000e+00 0.000000000000000000e+00 -1.520314618887694444e-11 -1.726224450354307986e-11 0.000000000000000000e+00 0.000000000000000000e+00 0.000000000000000000e+00 0.000000000000000000e+00 0.000000000000000000e+00 -2.508997066926556794e-11 0.000000000000000000e+00 0.000000000000000000e+00 0.000000000000000000e+00 0.000000000000000000e+00 -9.031090940041250736e-14 -2.269106241855730976e-11 -2.518843442981825201e-11 0.000000000000000000e+00 0.000000000000000000e+00 0.000000000000000000e+00 0.000000000000000000e+00 0.000000000000000000e+00 0.000000000000000000e+00 -1.302668040885208041e-11 -1.465064452795551194e-11 0.000000000000000000e+00 0.000000000000000000e+00 0.000000000000000000e+00 0.000000000000000000e+00 0.000000000000000000e+00 -1.876041571934224789e-11 0.000000000000000000e+00 0.000000000000000000e+00 0.000000000000000000e+00 0.000000000000000000e+00 -7.400156416052102314e-14 -1.968716715316589807e-11 -2.277570877090247016e-11 0.000000000000000000e+00 0.000000000000000000e+00 0.000000000000000000e+00 0.000000000000000000e+00 0.000000000000000000e+00 -2.942174972358114105e-11 0.000000000000000000e+00 0.000000000000000000e+00 0.000000000000000000e+00 -1.014292148391174145e-10
8.891268842286639421e-11 1.311359708261678711e-10 -1.624144593920501807e-11 -1.051480548165594628e-11 5.104309665218974749e-10 0.000000000000000000e+00 0.000000000000000000e+00 0.000000000000000000e+00 2.859197258002097386e-11 0.000000000000000000e+00 0.000000000000000000e+00 0.000000000000000000e+00 0.000000000000000000e+00 0.000000000000000000e+00 2.283292743893166290e-11 1.979598879500985530e-11 0.000000000000000000e+00 0.000000000000000000e+00 0.000000000000000000e+00 0.000000000000000000e+00 0.000000000000000000e+00 1.880510619325865235e-11 0.000000000000000000e+00 0.000000000000000000e+00 0.000000000000000000e+00 0.000000000000000000e+00 6.300576328383081612e-14 1.454665167973528203e-11 1.275402809487168058e-11 0.000000000000000000e+00 0.000000000000000000e+00 0.000000000000000000e+00 0.000000000000000000e+00 0.000000000000000000e+00 0.000000000000000000e+00 2.337510220757686868e-11 2.191066263979866724e-11 0.000000000000000000e+00 0.000000000000000000e+00 0.000000000000000000e+00 0.000000000000000000e+00 0.000000000000000000e+00 2.583888244357167983e-11 0.000000000000000000e+00 0.000000000000000000e+00 0.000000000000000000e+00 0.000000000000000000e+00 7.694683698277297975e-14 1.713734011419504072e-11 1.497235265340050762e-11 0.000000000000000000e+00 0.000000000000000000e+00 0.000000000000000000e+00 0.000000000000000000e+00 0.000000000000000000e+00 1.564022064598867178e-11 0.000000000000000000e+00 0.000000000000000000e+00 0.000000000000000000e+00 1.189969890353557638e-11
0.000000000000000000e+00 0.000000000000000000e+00 0.000000000000000000e+00 0.000000000000000000e+00 0.000000000000000000e+00 8.173256689059039764e-10 1.270386794132537745e-10 6.351933970662684849e-11 -1.693892180441544004e-13 -7.101568446177354511e-11 -1.247675487866899462e-10 -1.359363092996688789e-10 -7.717030529535055539e-11 -4.965080997060985940e-11 0.000000000000000000e+00 0.000000000000000000e+00 3.782025327880440074e-11 4.654453500071201090e-11 5.360570999201821256e-11 5.282759629411961046e-11 4.505703244916802606e-11 -1.042999216328464100e-13 -3.589432227090448639e-11 -3.946167230282860017e-11 -3.977450382378765694e-11 -3.661334250230514941e-11 -3.183921239398080799e-11 0.000000000000000000e+00 0.000000000000000000e+00 1.999930892537604054e-11 2.136693165253671480e-11 2.233571249667403336e-11 2.250187060347980197e-10 8.723919460973435940e-11 5.220215987455403829e-11 0.000000000000000000e+00 -1.414532220351366282e-13 -5.662624564129246203e-11 -8.562624914492662393e-11 -1.085651595618163384e-10 -7.975262832627985547e-11 -5.318526363492748686e-11 0.000000000000000000e+00 4.402102856399629770e-11 5.590257452987290276e-11 6.351682138151275682e-11 5.776651047343834184e-11 4.579980392001446151e-11 0.000000000000000000e+00 -9.104449445790349606e-14 -3.182855993354994863e-11 -3.510092880936277342e-11 -3.627163578409156100e-11 -3.465900696201928651e-11 -3.117746314564833862e-11 0.000000000000000000e+00 2.183322743947003361e-11 2.333015571808315487e-11 2.424932155198223615e-11 7.710231840782362586e-14
0.000000000000000000e+00 0.000000000000000000e+00 0.000000000000000000e+00 0.000000000000000000e+00 0.000000000000000000e+00 1.270386794132537745e-10 8.173256689059039764e-10 1.270386794132537228e-10 -2.731937224604813032e-13 -1.132783928721940604e-10 -1.455366384219146192e-10 -8.438918413499572045e-11 -5.288483219055665430e-11 -3.783410696652451044e-11 0.000000000000000000e+00 0.000000000000000000e+00 3.175452711216567439e-11 3.919531518983422926e-11 4.799834142090301042e-11 5.414396967881571770e-11 5.184093792481530916e-11 -1.191226237632063558e-13 -3.904736563245889817e-11 -3.999403294533254198e-11 -3.730850741137471190e-11 -3.269305178763303244e-11 -2.795072877468483701e-11 0.000000000000000000e+00 0.000000000000000000e+00 1.846191088411735812e-11 1.999930892537645737e-11 2.136693165253629798e-11 1.766938857107938443e-10 2.250187060347980972e-10 8.723919460973435940e-11 0.000000000000000000e+00 -2.031953149260359210e-13 -7.981699930593269291e-11 -1.085776045618556598e-10 -8.555896790034545302e-11 -5.658555943302250158e-11 -4.042448135402633859e-11 0.000000000000000000e+00 3.594423412236799022e-11 4.589720648155380537e-11 5.779846709010425147e-11 6.351295805619882901e-11 5.577923772094756344e-11 0.000000000000000000e+00 -1.026611806900328814e-13 -3.466428505570897752e-11 -3.627209982745549939e-11 -3.509628948132791693e-11 -3.182132948675892714e-11 -2.787266775938194726e-11 0.000000000000000000e+00 2.006917181746120599e-11 2.183132434738434262e-11 2.332872566131326645e-11 7.566531161844399018e-14
0.000000000000000000e+00 0.000000000000000000e+00 0.000000000000000000e+00 0.000000000000000000e+00 0.000000000000000000e+00 6.351933970662684849e-11 1.270386794132537228e-10 8.173256689059028391e-10 -6.107391585769374174e-13 -1.512184648919725206e-10 -9.271096552907798402e-11 -5.653433060813743111e-11 -3.973579040662351596e-11 -3.046113675148148304e-11 0.000000000000000000e+00 0.000000000000000000e+00 2.701343381097018289e-11 3.285646126356522673e-11 4.061634283824888946e-11 4.938881112664208408e-11 5.441925189341623269e-11 -1.293654050856412351e-13 -4.010611126831594381e-11 -3.795072001908145818e-11 -3.350373314273602829e-11 -2.873205850356883824e-11 -2.454484884298309402e-11 0.000000000000000000e+00 0.000000000000000000e+00 1.692347618260352731e-11 1.846191088411773617e-11 1.999930892537605670e-11 7.709778245264102137e-11 1.766938857107937926e-10 2.250187060347978387e-10 0.000000000000000000e+00 -3.297221666607481866e-13 -1.064627866475101260e-10 -9.151097831455713975e-11 -6.035449563960043257e-11 -4.250282025301621694e-11 -3.233351935652079136e-11 0.000000000000000000e+00 2.990763120364970761e-11 3.738620597669515580e-11 4.784563393117586678e-11 5.953393094328220401e-11 6.295617376704282672e-11 0.000000000000000000e+00 -1.119005829492398528e-13 -3.619116239385764639e-11 -3.547390528567591080e-11 -3.244817993672252287e-11 -2.852713091616142770e-11 -2.475545123046949653e-11 0.000000000000000000e+00 1.828181544500779370e-11 2.006712535709520439e-11 2.182942092431200366e-11 7.219678845045585446e-14
2.639875920533897429e-11 4.325099131492427656e-11 -2.365629530284584966e-11 -1.579647736317120037e-11 2.859197258002097386e-11 -1.693892180441544004e-13 -2.731937224604813032e-13 -6.107391585769374174e-13 8.197428429730944748e-10 6.612783336933770565e-13 2.769468333390490140e-13 1.701901015569416107e-13 1.224002003228212723e-13 9.547381412656546571e-14 1.884047166632912260e-11 1.822902551932995818e-11 -8.827643689628234282e-14 -1.082131366510469845e-13 -1.370968399017123285e-13 -1.774780834470952510e-13 -2.180782149981134640e-13 4.545768051121910812e-11 1.544788334791535746e-13 1.378089142721480524e-13 1.161357730072619837e-13 9.696160003692296920e-14 1.501038290070386311e-13 1.617472570678958735e-11 1.507763351948837710e-11 -5.756374779208972906e-14 -6.348382845247278377e-14 -6.980870451116774382e-14 -1.891552843270987784e-13 -3.042991014963656501e-13 -4.775012033964499635e-13 1.902137541922736522e-10 1.894562577587244006e-10 5.622134058057894020e-13 3.111955370155455240e-13 1.882301425857307204e-13 1.326182533756052018e-13 1.019410170731029628e-13 2.204444785932833166e-11 -9.691723283361064788e-14 -1.220483288329357813e-13 -1.610827734289270048e-13 -2.198940991146676958e-13 -4.444346885517003321e-14 4.805983208561826629e-11 3.487892880418047591e-11 1.397673584525162150e-13 1.309089979927044737e-13 1.145190061783158512e-13 9.764353242898519437e-14 8.325969979132822289e-14 1.817800623603142024e-11 -6.219432232816726237e-14 -6.915532319290295447e-14 -7.660458535613433333e-14 1.775526848002750851e-11
0.000000000000000000e+00 0.000000000000000000e+00 0.000000000000000000e+00 0.000000000000000000e+00 0.000000000000000000e+00 -7.101568446177354511e-11 -1.132783928721940604e-10 -1.512184648919725206e-10 6.612783336933770565e-13 1.034076381158908177e-09 1.523600922974346118e-10 7.618004614871824942e-11 5.078669743247862615e-11 3.809002307435944137e-11 0.000000000000000000e+00 0.000000000000000000e+00 -3.569137642653925113e-11 -4.546963008910223354e-11 -6.102697238990420104e-11 -8.466905927586395530e-11 -1.017268557994144286e-10 2.180347124577155157e-13 6.536541243764028916e-11 6.006945430424066171e-11 4.960592676354912775e-11 4.010338794320979881e-11 3.286928343568258629e-11 0.000000000000000000e+00 0.000000000000000000e+00 -2.268457133785698226e-11 -2.528228194611016005e-11 -2.804078492669597311e-11 -7.436633479196032283e-11 -1.025949039519975508e-10 -1.024110074985369259e-10 0.000000000000000000e+00 5.158085174237049001e-13 3.236600791631196522e-10 2.048765268504778885e-10 8.970919479801315751e-11 5.671853805046260081e-11 4.139459441267878667e-11 0.000000000000000000e+00 -3.964899318303838416e-11 -5.243908760580288393e-11 -7.509004745789233303e-11 -1.138095070807063052e-10 -1.255034678617080595e-10 0.000000000000000000e+00 1.769350578175292732e-13 5.671112774742228914e-11 5.545222483437386327e-11 4.847046876167339499e-11 4.041488163585637282e-11 3.361499029804594343e-11 0.000000000000000000e+00 -2.474505770196792272e-11 -2.785994679196055692e-11 -3.116261750007305132e-11 -1.033164649301411864e-13
0.000000000000000000e+00 0.000000000000000000e+00 0.000000000000000000e+00 0.000000000000000000e+00 0.000000000000000000e+00 -1.247675487866899462e-10 -1.455366384219146192e-10 -9.271096552907798402e-11 2.769468333390490140e-13 1.523600922974346118e-10 1.034076381158908384e-09 1.523600922974358526e-10 7.618004614871761611e-11 5.078669743247903328e-11 0.000000000000000000e+00 0.000000000000000000e+00 -4.546275741303925447e-11 -6.101589972929084796e-11 -8.465429056414243282e-11 -1.017269139619576367e-10 -8.455089175048512287e-11 1.773697421507680444e-13 6.007383580468695077e-11 6.536541177533694814e-11 6.006726314256357931e-11 4.960345910833583371e-11 4.005010973778378992e-11 0.000000000000000000e+00 0.000000000000000000e+00 -2.582625102930470882e-11 -2.858583604879481425e-11 -3.109211173812804402e-11 -1.064802918056416407e-10 -9.726043232386868706e-11 -6.910807998040604060e-11 0.000000000000000000e+00 2.350606305951387401e-13 1.108211918155909148e-10 3.236600791631198073e-10 2.048765268504777851e-10 8.970919479801420441e-11 5.671853805046303379e-11 0.000000000000000000e+00 -5.242584975700723142e-11 -7.506577837809663052e-11 -1.137758251375648605e-10 -1.257980144312895659e-10 -8.585043873367642663e-11 0.000000000000000000e+00 1.469911741194055115e-13 5.111036332849385645e-11 5.671112774742230207e-11 5.545222483437385680e-11 4.847046876167413170e-11 4.041488163585685750e-11 0.000000000000000000e+00 -2.851842907557135962e-11 -3.181051076963654109e-11 -3.464665466496076081e-11 -1.109960681628805239e-13
0.000000000000000000e+00 0.000000000000000000e+00 0.000000000000000000e+00 0.000000000000000000e+00 0.000000000000000000e+00 -1.359363092996688789e-10 -8.438918413499572045e-11 -5.653433060813743111e-11 1.701901015569416107e-13 7.618004614871824942e-11 1.523600922974358526e-10 1.034076381158930097e-09 1.523600922974371192e-10 7.618004614871951604e-11 0.000000000000000000e+00 0.000000000000000000e+00 -6.100482995757520438e-11 -8.463952120277595301e-11 -1.017269575839309652e-10 -8.456566487536270996e-11 -6.094952442036666363e-11 1.370077683177380132e-13 4.961333020182299652e-11 6.007602614320699514e-11 6.536541045073144225e-11 6.006507170675340062e-11 4.953163065775578620e-11 0.000000000000000000e+00 0.000000000000000000e+00 -2.912159899741279640e-11 -3.151291016393250452e-11 -3.295156927895413204e-11 -9.147727275655323622e-11 -6.450338558447534476e-11 -4.728014995677041657e-11 0.000000000000000000e+00 1.521907980991792038e-13 6.462258265628161785e-11 1.108211918155921684e-10 3.236600791631210481e-10 2.048765268504846610e-10 8.970919479801633698e-11 0.000000000000000000e+00 -7.504152114608182737e-11 -1.137421324494040628e-10 -1.258211187009872540e-10 -8.600416335436622243e-11 -5.831201480408732235e-11 0.000000000000000000e+00 1.183798721410031129e-13 4.299957044023854112e-11 5.111036332849465778e-11 5.671112774742321972e-11 5.545222483437570504e-11 4.847046876167561804e-11 0.000000000000000000e+00 -3.244117632063194313e-11 -3.508658568242564496e-11 -3.625999477583576301e-11 -1.122329360951436241e-13
0.000000000000000000e+00 0.000000000000000000e+00 0.000000000000000000e+00 0.000000000000000000e+00 0.000000000000000000e+00 -7.717030529535055539e-11 -5.288483219055665430e-11 -3.973579040662351596e-11 1.224002003228212723e-13 5.078669743247862615e-11 7.618004614871761611e-11 1.523600922974371192e-10 1.034076381158930097e-09 1.523600922974384117e-10 0.000000000000000000e+00 0.000000000000000000e+00 -8.462475119817239972e-11 -1.017269866652765373e-10 -8.458043738894676750e-11 -6.096057975278042767e-11 -4.542842129286719083e-11 1.081500826694517585e-13 4.011121206870314603e-11 4.961579817199672130e-11 6.007821620708994464e-11 6.536540846382379734e-11 5.996712250137464864e-11 0.000000000000000000e+00 0.000000000000000000e+00 -3.189559089972734576e-11 -3.307472347133543059e-11 -3.276578947222705186e-11 -6.033196970681946729e-11 -4.477055273575688213e-11 -3.515311513823777562e-11 0.000000000000000000e+00 1.125190130726828836e-13 4.547097654888970613e-11 6.462258265628117841e-11 1.108211918155908372e-10 3.236600791631224957e-10 2.048765268504860311e-10 0.000000000000000000e+00 -1.137084290802368735e-10 -1.258441806751361413e-10 -8.603348177064341104e-11 -5.839888596597684960e-11 -4.308401045033427928e-11 0.000000000000000000e+00 9.659702633300707190e-14 3.569073842749231835e-11 4.299957044023841188e-11 5.111036332849452207e-11 5.671112774742415030e-11 5.545222483437659038e-11 0.000000000000000000e+00 -3.546606411673706991e-11 -3.625999477583649326e-11 -3.508658568242505688e-11 -1.063917020854064089e-13
0.000000000000000000e+00 0.000000000000000000e+00 0.000000000000000000e+00 0.000000000000000000e+00 0.000000000000000000e+00 -4.965080997060985940e-11 -3.783410696652451044e-11 -3.046113675148148304e-11 9.547381412656546571e-14 3.809002307435944137e-11 5.078669743247903328e-11 7.618004614871951604e-11 1.523600922974384117e-10 1.034076381158953259e-09 0.000000000000000000e+00 0.000000000000000000e+00 -1.017270012059603223e-10 -8.459520928486680276e-11 -6.097163797236133599e-11 -4.543528488418093561e-11 -3.566922206465724597e-11 8.823175302150999007e-14 3.291656228871605178e-11 4.011316843305772176e-11 4.961826622081586421e-11 6.008040599621478534e-11 6.524908779620040174e-11 0.000000000000000000e+00 0.000000000000000000e+00 -3.313682065044532663e-11 -3.252659335209172910e-11 -3.063040243895224018e-11 -4.249046180334933357e-11 -3.368352652314949960e-11 -2.778805548521395961e-11 0.000000000000000000e+00 8.925261289342826294e-14 3.505002863213637538e-11 4.547097654889013264e-11 6.462258265628156615e-11 1.108211918155932153e-10 3.236600791631331973e-10 0.000000000000000000e+00 -1.258672002746082339e-10 -8.606281258943408557e-11 -5.841493039570390623e-11 -4.314275413952911573e-11 -3.391136862962650512e-11 0.000000000000000000e+00 8.065637911968002766e-14 2.994250334414223124e-11 3.569073842749275779e-11 4.299957044023892886e-11 5.111036332849609888e-11 5.671112774742602438e-11 0.000000000000000000e+00 -3.617756819422840854e-11 -3.464665466496267366e-11 -3.181051076963706454e-11 -9.620809250571473609e-14
2.045569576041410510e-11 2.767815979156963607e-11 -2.431844791684577434e-11 -1.520314618887694444e-11 2.283292743893166290e-11 0.000000000000000000e+00 0.000000000000000000e+00 0.000000000000000000e+00 1.884047166632912260e-11 0.000000000000000000e+00 0.000000000000000000e+00 0.000000000000000000e+00 0.000000000000000000e+00 0.000000000000000000e+00 7.107791589398873755e-10 1.141621654749911210e-10 0.000000000000000000e+00 0.000000000000000000e+00 0.000000000000000000e+00 0.000000000000000000e+00 0.000000000000000000e+00 1.816868014415301504e-11 0.000000000000000000e+00 0.000000000000000000e+00 0.000000000000000000e+00 0.000000000000000000e+00 1.600284829464594701e-13 3.664550093220259505e-11 2.774082936898024872e-11 0.000000000000000000e+00 0.000000000000000000e+00 0.000000000000000000e+00 0.000000000000000000e+00 0.000000000000000000e+00 0.000000000000000000e+00 1.568755745820030023e-11 1.595281570565018381e-11 0.000000000000000000e+00 0.000000000000000000e+00 0.000000000000000000e+00 0.000000000000000000e+00 0.000000000000000000e+00 1.897675011137350396e-10 0.000000000000000000e+00 0.000000000000000000e+00 0.000000000000000000e+00 0.000000000000000000e+00 6.598019962761450082e-14 1.568668857583589354e-11 1.505893822454797592e-11 0.000000000000000000e+00 0.000000000000000000e+00 0.000000000000000000e+00 0.000000000000000000e+00 0.000000000000000000e+00 3.485300131958997483e-11 0.000000000000000000e+00 0.000000000000000000e+00 0.000000000000000000e+00 1.698746644988378484e-11
1.762115403753542397e-11 2.432760895123507373e-11 -2.798687005344827637e-11 -1.726224450354307986e-11 1.979598879500985530e-11 0.000000000000000000e+00 0.000000000000000000e+00 0.000000000000000000e+00 1.822902551932995818e-11 0.000000000000000000e+00 0.000000000000000000e+00 0.000000000000000000e+00 0.000000000000000000e+00 0.000000000000000000e+00 1.141621654749911210e-10 7.107791589398880992e-10 0.000000000000000000e+00 0.000000000000000000e+00 0.000000000000000000e+00 0.000000000000000000e+00 0.000000000000000000e+00 1.877742694306784009e-11 0.000000000000000000e+00 0.000000000000000000e+00 0.000000000000000000e+00 0.000000000000000000e+00 2.472401918586971954e-13 5.396942407173345730e-11 3.664550093220265321e-11 0.000000000000000000e+00 0.000000000000000000e+00 0.000000000000000000e+00 0.000000000000000000e+00 0.000000000000000000e+00 0.000000000000000000e+00 1.511370224411768905e-11 1.563231868143797924e-11 0.000000000000000000e+00 0.000000000000000000e+00 0.000000000000000000e+00 0.000000000000000000e+00 0.000000000000000000e+00 1.889702802051388545e-10 0.000000000000000000e+00 0.000000000000000000e+00 0.000000000000000000e+00 0.000000000000000000e+00 6.685418168810434526e-14 1.600868844244134194e-11 1.563145241982506053e-11 0.000000000000000000e+00 0.000000000000000000e+00 0.000000000000000000e+00 0.000000000000000000e+00 0.000000000000000000e+00 4.786268916414826503e-11 0.000000000000000000e+00 0.000000000000000000e+00 0.000000000000000000e+00 1.937343544804652341e-11
0.000000000000000000e+00 0.000000000000000000e+00 0.000000000000000000e+00 0.000000000000000000e+00 0.000000000000000000e+00 3.782025327880440074e-11 3.175452711216567439e-11 2.701343381097018289e-11 -8.827643689628234282e-14 -3.569137642653925113e-11 -4.546275741303925447e-11 -6.100482995757520438e-11 -8.462475119817239972e-11 -1.017270012059603223e-10 0.000000000000000000e+00 0.000000000000000000e+00 1.034830241216713681e-09 1.524464152959054910e-10 7.622320764795274551e-11 5.081547176530183034e-11 3.811160382397581053e-11 -9.553663014556321756e-14 -3.732373221514935025e-11 -4.898472579033912764e-11 -7.040839385841389464e-11 -1.172437201592646337e-10 -1.825570336933731889e-10 0.000000000000000000e+00 0.000000000000000000e+00 5.441925189341678845e-11 5.184093792481690536e-11 4.505703244916849781e-11 3.317413618849684197e-11 2.844676535524843323e-11 2.462635370574238645e-11 0.000000000000000000e+00 -8.509466675129325315e-14 -3.396454656321022376e-11 -4.315681672635940631e-11 -5.841869751214065065e-11 -8.600647257881852322e-11 -1.255749648721284262e-10 0.000000000000000000e+00 3.226759021201802863e-10 1.108456988998268792e-10 6.465335162548867905e-11 4.549531227017538551e-11 3.503398005827264881e-11 0.000000000000000000e+00 -8.813392819755713626e-14 -3.396454656321019145e-11 -4.315681672635934815e-11 -5.841869751214049556e-11 -8.600647257881801916e-11 -1.255749648721268236e-10 0.000000000000000000e+00 6.299147657277650351e-11 5.582095276985408916e-11 4.584017699881018364e-11 1.308761264056601433e-13
0.000000000000000000e+00 0.000000000000000000e+00 0.000000000000000000e+00 0.000000000000000000e+00 0.000000000000000000e+00 4.654453500071201090e-11 3.919531518983422926e-11 3.285646126356522673e-11 -1.082131366510469845e-13 -4.546963008910223354e-11 -6.101589972929084796e-11 -8.463952120277595301e-11 -1.017269866652765373e-10 -8.459520928486680276e-11 0.000000000000000000e+00 0.000000000000000000e+00 1.524464152959054910e-10 1.034830241216713060e-09 1.524464152959054910e-10 7.622320764795274551e-11 5.081547176530111948e-11 -1.225046880327138443e-13 -4.898975860071717191e-11 -7.041835540591567406e-11 -1.172667028372874626e-10 -1.830819908397484340e-10 -1.168573937644488231e-10 0.000000000000000000e+00 0.000000000000000000e+00 4.938881112664172219e-11 5.414396967881642856e-11 5.282759629411927442e-11 3.984935538503137793e-11 3.422800666274406692e-11 2.931738061915428673e-11 0.000000000000000000e+00 -1.044928422145832654e-13 -4.316335097484228235e-11 -5.843004370232027536e-11 -8.602716602068112260e-11 -1.255910781620880748e-10 -1.134212531088578739e-10 0.000000000000000000e+00 2.046976264353357353e-10 3.225626536088626997e-10 1.108273680944961303e-10 6.464698729573940616e-11 4.544862711366964543e-11 0.000000000000000000e+00 -1.102802690716406810e-13 -4.316335097484221127e-11 -5.843004370232012026e-11 -8.602716602068060561e-11 -1.255910781620865238e-10 -1.134212531088566977e-10 0.000000000000000000e+00 5.943993011562940845e-11 6.342912268646702325e-11 5.772234678825278775e-11 1.607336950821799800e-13
0.000000000000000000e+00 0.000000000000000000e+00 0.000000000000000000e+00 0.000000000000000000e+00 0.000000000000000000e+00 5.360570999201821256e-11 4.799834142090301042e-11 4.061634283824888946e-11 -1.370968399017123285e-13 -6.102697238990420104e-11 -8.465429056414243282e-11 -1.017269575839309652e-10 -8.458043738894676750e-11 -6.097163797236133599e-11 0.000000000000000000e+00 0.000000000000000000e+00 7.622320764795274551e-11 1.524464152959054910e-10 1.034830241216714921e-09 1.524464152959054652e-10 7.622320764795178908e-11 -1.703960563986918304e-13 -7.042831952778397437e-11 -1.172896913919680884e-10 -1.830818299061241116e-10 -1.170125877156942620e-10 -7.022564312736473229e-11 0.000000000000000000e+00 0.000000000000000000e+00 4.061634283824861805e-11 4.799834142090366311e-11 5.360570999201786359e-11 4.589595736725394587e-11 4.098583583304151527e-11 3.531311089355964413e-11 0.000000000000000000e+00 -1.338621826588971395e-13 -5.844139374909755786e-11 -8.604786560618777470e-11 -1.256071702836013039e-10 -1.133975393873092904e-10 -7.490917005672688518e-11 0.000000000000000000e+00 8.974997634981121656e-11 2.047552474462876462e-10 3.224494449275470092e-10 1.108090431611329350e-10 6.458620708368607703e-11 0.000000000000000000e+00 -1.467323791827713511e-13 -5.844139374909738983e-11 -8.604786560618725772e-11 -1.256071702835997271e-10 -1.133975393873081530e-10 -7.490917005672656207e-11 0.000000000000000000e+00 4.776770720367539755e-11 5.769757703223017056e-11 6.342611461726666551e-11 1.832866010464085173e-13
0.000000000000000000e+00 0.000000000000000000e+00 0.000000000000000000e+00 0.000000000000000000e+00 0.000000000000000000e+00 5.282759629411961046e-11 5.414396967881571770e-11 4.938881112664208408e-11 -1.774780834470952510e-13 -8.466905927586395530e-11 -1.017269139619576367e-10 -8.456566487536270996e-11 -6.096057975278042767e-11 -4.543528488418093561e-11 0.000000000000000000e+00 0.000000000000000000e+00 5.081547176530183034e-11 7.622320764795274551e-11 1.524464152959054652e-10 1.034830241216714921e-09 1.524464152959042244e-10 -2.775115041114246998e-13 -1.173126858230694205e-10 -1.830816399002253123e-10 -1.169896701129169826e-10 -7.029828065184720416e-11 -4.887459729596526120e-11 0.000000000000000000e+00 0.000000000000000000e+00 3.285646126356504578e-11 3.919531518983480441e-11 4.654453500071177180e-11 4.747607465311293382e-11 4.657717630242812804e-11 4.209645930913791283e-11 0.000000000000000000e+00 -1.802953212133124086e-13 -8.606857133426066321e-11 -1.256232412090748677e-10 -1.133738204048425870e-10 -7.489208868283070950e-11 -5.235381766072340530e-11 0.000000000000000000e+00 5.675555572499595346e-11 8.976212638427755361e-11 2.048128968161312950e-10 3.223362761177423270e-10 1.107341957611899269e-10 0.000000000000000000e+00 -2.161551111560725458e-13 -8.606857133426015915e-11 -1.256232412090732651e-10 -1.133738204048414109e-10 -7.489208868283037345e-11 -5.235381766072328898e-11 0.000000000000000000e+00 3.732779215249830078e-11 4.581423572346245505e-11 5.579445463947565169e-11 1.779944420662468499e-13
0.000000000000000000e+00 0.000000000000000000e+00 0.000000000000000000e+00 0.000000000000000000e+00 0.000000000000000000e+00 4.505703244916802606e-11 5.184093792481530916e-11 5.441925189341623269e-11 -2.180782149981134640e-13 -1.017268557994144286e-10 -8.455089175048512287e-11 -6.094952442036666363e-11 -4.542842129286719083e-11 -3.566922206465724597e-11 0.000000000000000000e+00 0.000000000000000000e+00 3.811160382397581053e-11 5.081547176530111948e-11 7.622320764795178908e-11 1.524464152959042244e-10 1.034830241216688658e-09 -6.645702993682917346e-13 -1.830814208223146144e-10 -1.169667583893028492e-10 -7.028835010999296011e-11 -4.892405273844524903e-11 -3.724679164970566103e-11 0.000000000000000000e+00 0.000000000000000000e+00 2.701343381096964651e-11 3.175452711216570670e-11 3.782025327880370280e-11 4.317288202427301494e-11 4.711275613976090219e-11 4.710867995351152542e-11 0.000000000000000000e+00 -2.465135409111620837e-13 -1.256392909109254464e-10 -1.133500961837973660e-10 -7.487501319057481439e-11 -5.234448654046978445e-11 -3.960190602164213963e-11 0.000000000000000000e+00 4.142426512058661981e-11 5.676047254825056090e-11 8.977427964263783167e-11 2.048705745619253431e-10 3.228101497564058470e-10 0.000000000000000000e+00 -3.754168170979461979e-13 -1.256392909109238696e-10 -1.133500961837962157e-10 -7.487501319057447834e-11 -5.234448654046966813e-11 -3.960190602164209439e-11 0.000000000000000000e+00 2.986310134923204946e-11 3.588227375279433777e-11 4.393366117711223306e-11 1.505916368794419794e-13
1.681334862692635305e-11 2.576498709787637533e-11 -3.639269048134497893e-11 -2.508997066926556794e-11 1.880510619325865235e-11 -1.042999216328464100e-13 -1.191226237632063558e-13 -1.293654050856412351e-13 4.545768051121910812e-11 2.180347124577155157e-13 1.773697421507680444e-13 1.370077683177380132e-13 1.081500826694517585e-13 8.823175302150999007e-14 1.816868014415301504e-11 1.877742694306784009e-11 -9.553663014556321756e-14 -1.225046880327138443e-13 -1.703960563986918304e-13 -2.775115041114246998e-13 -6.645702993682917346e-13 8.161267720397367497e-10 6.622610686956895730e-13 2.770189280581304974e-13 1.702068371047551963e-13 1.224064287831008245e-13 1.748825453764537621e-13 1.877578301713759973e-11 1.816578329659328174e-11 -7.241838072506867453e-14 -8.543024396565958676e-14 -1.030914155331480299e-13 -1.015547834325826032e-13 -1.119349558042427527e-13 -1.167229834700539465e-13 3.492565731546551772e-11 4.778962127539133965e-11 2.710527388601054609e-13 2.194049220715704232e-13 1.608067086987077457e-13 1.218917794037619452e-13 9.682057757784135907e-14 2.196815254803197991e-11 -1.020261528243894652e-13 -1.327589045390382008e-13 -1.884984717110996757e-13 -3.118027964404598636e-13 -9.383809507127749849e-14 1.899670774980493536e-10 1.884171883224753400e-10 5.612027696126256397e-13 3.110238236791327728e-13 1.881921236952669957e-13 1.326049547089089711e-13 1.019349765881971588e-13 2.196815254803151786e-11 -7.924765676421207762e-14 -9.543058467321135869e-14 -1.185809925315073752e-13 2.917662705238846399e-11
0.000000000000000000e+00 0.000000000000000000e+00 0.000000000000000000e+00 0.000000000000000000e+00 0.000000000000000000e+00 -3.589432227090448639e-11 -3.904736563245889817e-11 -4.010611126831594381e-11 1.544788334791535746e-13 6.536541243764028916e-11 6.007383580468695077e-11 4.961333020182299652e-11 4.011121206870314603e-11 3.291656228871605178e-11 0.000000000000000000e+00 0.000000000000000000e+00 -3.732373221514935025e-11 -4.898975860071717191e-11 -7.042831952778397437e-11 -1.173126858230694205e-10 -1.830814208223146144e-10 6.622610686956895730e-13 1.034388628594599542e-09 1.523958484541452584e-10 7.619792422707265504e-11 5.079861615138315512e-11 3.805984569559924443e-11 0.000000000000000000e+00 0.000000000000000000e+00 -2.920923663777271850e-11 -3.550093764577435132e-11 -4.467971220651832188e-11 -3.421088370370160118e-11 -3.606895533711032640e-11 -3.606066516015712572e-11 0.000000000000000000e+00 1.715354512891463615e-13 7.515469028226638837e-11 7.229920303757987229e-11 5.855214937255974440e-11 4.573040538415966069e-11 3.649568191870831335e-11 0.000000000000000000e+00 -3.965059871514943159e-11 -5.243285779257794943e-11 -7.505113991388333879e-11 -1.136322771933029864e-10 -1.255295470649761312e-10 0.000000000000000000e+00 5.159430501145575117e-13 3.223106170319313790e-10 2.046048989013443015e-10 8.970700385365783825e-11 5.672689519438713223e-11 4.140274176143666533e-11 0.000000000000000000e+00 -3.232394719608436791e-11 -4.040648612335201631e-11 -5.314894243421760769e-11 -1.926199526419879796e-13
0.000000000000000000e+00 0.000000000000000000e+00 0.000000000000000000e+00 0.000000000000000000e+00 0.000000000000000000e+00 -3.946167230282860017e-11 -3.999403294533254198e-11 -3.795072001908145818e-11 1.378089142721480524e-13 6.006945430424066171e-11 6.536541177533694814e-11 6.007602614320699514e-11 4.961579817199672130e-11 4.011316843305772176e-11 0.000000000000000000e+00 0.000000000000000000e+00 -4.898472579033912764e-11 -7.041835540591567406e-11 -1.172896913919680884e-10 -1.830816399002253123e-10 -1.169667583893028492e-10 2.770189280581304974e-13 1.523958484541452584e-10 1.034388628594599542e-09 1.523958484541453101e-10 7.619792422707451620e-11 5.074893945479656120e-11 0.000000000000000000e+00 0.000000000000000000e+00 -3.705775470401482973e-11 -4.699161187154791500e-11 -6.158761448156092288e-11 -3.622976603478708827e-11 -3.581971960581376637e-11 -3.365173041716313687e-11 0.000000000000000000e+00 1.438523302690241970e-13 6.338153841342776631e-11 7.515325544959254630e-11 7.230174457667071891e-11 5.855552800444921656e-11 4.573298147910125490e-11 0.000000000000000000e+00 -5.242350473046550343e-11 -7.503401375785039983e-11 -1.136085879522007689e-10 -1.255355716707189047e-10 -8.585774321468034013e-11 0.000000000000000000e+00 2.350788511003579555e-13 1.107644446536073015e-10 3.221974967235326959e-10 2.046625230984608948e-10 8.971915569401431622e-11 5.673181257160762027e-11 0.000000000000000000e+00 -4.250015679384247590e-11 -5.657280346781308185e-11 -7.970906421456865193e-11 -2.631321970249309456e-13
0.000000000000000000e+00 0.000000000000000000e+00 0.000000000000000000e+00 0.000000000000000000e+00 0.000000000000000000e+00 -3.977450382378765694e-11 -3.730850741137471190e-11 -3.350373314273602829e-11 1.161357730072619837e-13 4.960592676354912775e-11 6.006726314256357931e-11 6.536541045073144225e-11 6.007821620708994464e-11 4.961826622081586421e-11 0.000000000000000000e+00 0.000000000000000000e+00 -7.040839385841389464e-11 -1.172667028372874626e-10 -1.830818299061241116e-10 -1.169896701129169826e-10 -7.028835010999296011e-11 1.702068371047551963e-13 7.619792422707265504e-11 1.523958484541453101e-10 1.034388628594597475e-09 1.523958484541478433e-10 7.613084267025366581e-11 0.000000000000000000e+00 0.000000000000000000e+00 -4.949472085979004913e-11 -6.506914672920033166e-11 -8.157504261912665700e-11 -3.550649974331396946e-11 -3.307615281346892959e-11 -2.986720619447372159e-11 0.000000000000000000e+00 1.167224226036816638e-13 4.957019947595014886e-11 6.337810453184203949e-11 7.515181969255492918e-11 7.230428548740364890e-11 5.855890674507439782e-11 0.000000000000000000e+00 -7.501689349501192950e-11 -1.135848932983202040e-10 -1.255518205042520019e-10 -8.591271769841442943e-11 -5.831397724989016947e-11 0.000000000000000000e+00 1.521972335235993045e-13 6.461087318738736687e-11 1.107461204283063420e-10 3.220844162000475346e-10 2.047201756634971785e-10 8.973131076068019306e-11 0.000000000000000000e+00 -6.037062372194522000e-11 -8.555342761881270350e-11 -1.084746640626080651e-10 -2.809487240943711215e-13
0.000000000000000000e+00 0.000000000000000000e+00 0.000000000000000000e+00 0.000000000000000000e+00 0.000000000000000000e+00 -3.661334250230514941e-11 -3.269305178763303244e-11 -2.873205850356883824e-11 9.696160003692296920e-14 4.010338794320979881e-11 4.960345910833583371e-11 6.006507170675340062e-11 6.536540846382379734e-11 6.008040599621478534e-11 0.000000000000000000e+00 0.000000000000000000e+00 -1.172437201592646337e-10 -1.830819908397484340e-10 -1.170125877156942620e-10 -7.029828065184720416e-11 -4.892405273844524903e-11 1.224064287831008245e-13 5.079861615138315512e-11 7.619792422707451620e-11 1.523958484541478433e-10 1.034388628594640902e-09 1.523062527064277236e-10 0.000000000000000000e+00 0.000000000000000000e+00 -6.865486322754682649e-11 -8.349676486261296076e-11 -7.885203470853348549e-11 -3.247024647674188696e-11 -2.920241949532403604e-11 -2.596831763693992805e-11 0.000000000000000000e+00 9.569052774302800482e-14 3.918824421167161885e-11 4.956732577851666283e-11 6.337467060470449739e-11 7.515038301132238525e-11 7.230682576954343278e-11 0.000000000000000000e+00 -1.135611932541706856e-10 -1.255680483273785927e-10 -8.593338096385254417e-11 -5.836789788500787416e-11 -4.308467034929736603e-11 0.000000000000000000e+00 1.125222160320132771e-13 4.546673924073053869e-11 6.460451007669150214e-11 1.107278020748996272e-10 3.219713755029380646e-10 2.047778566135067992e-10 0.000000000000000000e+00 -9.154223618455565235e-11 -1.084653288354435579e-10 -8.550330601267159033e-11 -2.150102711590765078e-13
5.582029865002879393e-14 7.907463026274063568e-14 -1.521487472274705210e-13 -9.031090940041250736e-14 6.300576328383081612e-14 -3.183921239398080799e-11 -2.795072877468483701e-11 -2.454484884298309402e-11 1.501038290070386311e-13 3.286928343568258629e-11 4.005010973778378992e-11 4.953163065775578620e-11 5.996712250137464864e-11 6.524908779620040174e-11 1.600284829464594701e-13 2.472401918586971954e-13 -1.825570336933731889e-10 -1.168573937644488231e-10 -7.022564312736473229e-11 -4.887459729596526120e-11 -3.724679164970566103e-11 1.748825453764537621e-13 3.805984569559924443e-11 5.074893945479656120e-11 7.613084267025366581e-11 1.523062527064277236e-10 1.032832898385148781e-09 5.172313185719896237e-13 2.626664858393160459e-13 -8.448486701955027195e-11 -7.565635040331933389e-11 -5.816015948146161035e-11 -2.850188615911822519e-11 -2.532537589829689099e-11 -2.250953549022089153e-11 5.626312129887565351e-14 1.399407805681062648e-13 3.188136394702535313e-11 3.913797557431203643e-11 4.949864244041678323e-11 6.327446164721481857e-11 7.501269572286626741e-11 2.255776187938998925e-13 -1.253131678979257554e-10 -8.582949643898541900e-11 -5.830831840062484647e-11 -4.307976535461325419e-11 -3.387307010639868151e-11 6.610269628026271371e-14 1.559039217682858646e-13 3.501248505984451109e-11 4.542005750104673325e-11 6.454373653644861447e-11 1.106529683080840473e-10 3.224444982956162810e-10 4.684949240209851673e-13 -1.063129954632895755e-10 -7.963949478318910653e-11 -5.650731149774453972e-11 -5.195364761164164487e-14
1.311782449733578868e-11 1.854044737794844200e-11 -3.818102616423216299e-11 -2.269106241855730976e-11 1.454665167973528203e-11 0.000000000000000000e+00 0.000000000000000000e+00 0.000000000000000000e+00 1.617472570678958735e-11 0.000000000000000000e+00 0.000000000000000000e+00 0.000000000000000000e+00 0.000000000000000000e+00 0.000000000000000000e+00 3.664550093220259505e-11 5.396942407173345730e-11 0.000000000000000000e+00 0.000000000000000000e+00 0.000000000000000000e+00 0.000000000000000000e+00 0.000000000000000000e+00 1.877578301713759973e-11 0.000000000000000000e+00 0.000000000000000000e+00 0.000000000000000000e+00 0.000000000000000000e+00 5.172313185719896237e-13 7.107791589398875823e-10 1.141621654749913019e-10 0.000000000000000000e+00 0.000000000000000000e+00 0.000000000000000000e+00 0.000000000000000000e+00 0.000000000000000000e+00 0.000000000000000000e+00 1.342716790415371575e-11 1.422196121842510726e-11 0.000000000000000000e+00 0.000000000000000000e+00 0.000000000000000000e+00 0.000000000000000000e+00 0.000000000000000000e+00 4.779550201885851637e-11 0.000000000000000000e+00 0.000000000000000000e+00 0.000000000000000000e+00 0.000000000000000000e+00 6.369398046102739742e-14 1.568755745820028408e-11 1.595281570565054570e-11 0.000000000000000000e+00 0.000000000000000000e+00 0.000000000000000000e+00 0.000000000000000000e+00 0.000000000000000000e+00 1.897675011137338764e-10 0.000000000000000000e+00 0.000000000000000000e+00 0.000000000000000000e+00 2.490953206578926307e-11
1.160112556917177763e-11 1.648955617669055288e-11 -4.296685289729759820e-11 -2.518843442981825201e-11 1.275402809487168058e-11 0.000000000000000000e+00 0.000000000000000000e+00 0.000000000000000000e+00 1.507763351948837710e-11 0.000000000000000000e+00 0.000000000000000000e+00 0.000000000000000000e+00 0.000000000000000000e+00 0.000000000000000000e+00 2.774082936898024872e-11 3.664550093220265321e-11 0.000000000000000000e+00 0.000000000000000000e+00 0.000000000000000000e+00 0.000000000000000000e+00 0.000000000000000000e+00 1.816578329659328174e-11 0.000000000000000000e+00 0.000000000000000000e+00 0.000000000000000000e+00 0.000000000000000000e+00 2.626664858393160459e-13 1.141621654749913019e-10 7.107791589398875823e-10 0.000000000000000000e+00 0.000000000000000000e+00 0.000000000000000000e+00 0.000000000000000000e+00 0.000000000000000000e+00 0.000000000000000000e+00 1.256164050913348282e-11 1.337898184640444809e-11 0.000000000000000000e+00 0.000000000000000000e+00 0.000000000000000000e+00 0.000000000000000000e+00 0.000000000000000000e+00 3.481711888900240429e-11 0.000000000000000000e+00 0.000000000000000000e+00 0.000000000000000000e+00 0.000000000000000000e+00 6.041538896568176115e-14 1.511370224411765997e-11 1.563231868143832175e-11 0.000000000000000000e+00 0.000000000000000000e+00 0.000000000000000000e+00 0.000000000000000000e+00 0.000000000000000000e+00 1.889702802051326248e-10 0.000000000000000000e+00 0.000000000000000000e+00 0.000000000000000000e+00 2.656211515928998906e-11
0.000000000000000000e+00 0.000000000000000000e+00 0.000000000000000000e+00 0.000000000000000000e+00 0.000000000000000000e+00 1.999930892537604054e-11 1.846191088411735812e-11 1.692347618260352731e-11 -5.756374779208972906e-14 -2.268457133785698226e-11 -2.582625102930470882e-11 -2.912159899741279640e-11 -3.189559089972734576e-11 -3.313682065044532663e-11 0.000000000000000000e+00 0.000000000000000000e+00 5.441925189341678845e-11 4.938881112664172219e-11 4.061634283824861805e-11 3.285646126356504578e-11 2.701343381096964651e-11 -7.241838072506867453e-14 -2.920923663777271850e-11 -3.705775470401482973e-11 -4.949472085979004913e-11 -6.865486322754682649e-11 -8.448486701955027195e-11 0.000000000000000000e+00 0.000000000000000000e+00 8.173256689059030459e-10 1.270386794132550670e-10 6.351933970662622810e-11 1.842778200665881080e-11 1.707916229188210946e-11 1.574159284578363000e-11 0.000000000000000000e+00 -5.747075587861775459e-14 -2.253751628916336990e-11 -2.596502230998805492e-11 -2.985748878960642264e-11 -3.363111000689345712e-11 -3.602703024189875501e-11 0.000000000000000000e+00 4.707058868438249331e-11 4.206918271345647063e-11 3.529695217516826603e-11 2.930810200281448510e-11 2.459784739970182639e-11 0.000000000000000000e+00 -6.981844783624795148e-14 -2.780471344068636206e-11 -3.517921275293781704e-11 -4.732508727053155245e-11 -6.919042437281146027e-11 -1.024900559813323363e-10 0.000000000000000000e+00 2.239716249375505303e-10 8.718242543311144609e-11 5.219097883148637712e-11 1.488734152000009005e-13
0.000000000000000000e+00 0.000000000000000000e+00 0.000000000000000000e+00 0.000000000000000000e+00 0.000000000000000000e+00 2.136693165253671480e-11 1.999930892537645737e-11 1.846191088411773617e-11 -6.348382845247278377e-14 -2.528228194611016005e-11 -2.858583604879481425e-11 -3.151291016393250452e-11 -3.307472347133543059e-11 -3.252659335209172910e-11 0.000000000000000000e+00 0.000000000000000000e+00 5.184093792481690536e-11 5.414396967881642856e-11 4.799834142090366311e-11 3.919531518983480441e-11 3.175452711216570670e-11 -8.543024396565958676e-14 -3.550093764577435132e-11 -4.699161187154791500e-11 -6.506914672920033166e-11 -8.349676486261296076e-11 -7.565635040331933389e-11 0.000000000000000000e+00 0.000000000000000000e+00 1.270386794132550670e-10 8.173256689059250695e-10 1.270386794132549894e-10 1.966731756859249910e-11 1.842778200665920178e-11 1.707916229188247458e-11 0.000000000000000000e+00 -6.391372174060568546e-14 -2.535611939211088371e-11 -2.919484723001044679e-11 -3.305832742559772835e-11 -3.578842561254709144e-11 -3.602817094563766563e-11 0.000000000000000000e+00 4.707528450074373462e-11 4.653962562066868317e-11 4.095932850040327969e-11 3.421203055775942094e-11 2.841230796328277394e-11 0.000000000000000000e+00 -8.242837461385192213e-14 -3.370760111149553628e-11 -4.481132659901164995e-11 -6.457818206338798341e-11 -9.735504310462603192e-11 -1.025163271259989470e-10 0.000000000000000000e+00 1.759176486456700809e-10 2.242881911788794403e-10 8.724768318243822162e-11 2.272604747144388445e-13
0.000000000000000000e+00 0.000000000000000000e+00 0.000000000000000000e+00 0.000000000000000000e+00 0.000000000000000000e+00 2.233571249667403336e-11 2.136693165253629798e-11 1.999930892537605670e-11 -6.980870451116774382e-14 -2.804078492669597311e-11 -3.109211173812804402e-11 -3.295156927895413204e-11 -3.276578947222705186e-11 -3.063040243895224018e-11 0.000000000000000000e+00 0.000000000000000000e+00 4.505703244916849781e-11 5.282759629411927442e-11 5.360570999201786359e-11 4.654453500071177180e-11 3.782025327880370280e-11 -1.030914155331480299e-13 -4.467971220651832188e-11 -6.158761448156092288e-11 -8.157504261912665700e-11 -7.885203470853348549e-11 -5.816015948146161035e-11 0.000000000000000000e+00 0.000000000000000000e+00 6.351933970662622810e-11 1.270386794132549894e-10 8.173256689059030459e-10 2.062963854477865231e-11 1.966731756859211782e-11 1.842778200665884311e-11 0.000000000000000000e+00 -7.114403362308909394e-14 -2.853460661147169675e-11 -3.245518137774652866e-11 -3.547782750876877958e-11 -3.618977961488546599e-11 -3.416919148188516968e-11 0.000000000000000000e+00 4.314614671966690689e-11 4.743781509798953945e-11 4.585893803687382282e-11 3.982351199323140335e-11 3.313157555243602058e-11 0.000000000000000000e+00 -1.000250368993549119e-13 -4.252755678845573081e-11 -6.039958678035272864e-11 -9.157837405106916203e-11 -1.064276024040328286e-10 -7.427634497931078248e-11 0.000000000000000000e+00 7.694639170537262636e-11 1.756882742441800867e-10 2.246052010383502670e-10 4.799937623109175469e-13
0.000000000000000000e+00 0.000000000000000000e+00 0.000000000000000000e+00 0.000000000000000000e+00 0.000000000000000000e+00 2.250187060347980197e-10 1.766938857107938443e-10 7.709778245264102137e-11 -1.891552843270987784e-13 -7.436633479196032283e-11 -1.064802918056416407e-10 -9.147727275655323622e-11 -6.033196970681946729e-11 -4.249046180334933357e-11 0.000000000000000000e+00 0.000000000000000000e+00 3.317413618849684197e-11 3.984935538503137793e-11 4.589595736725394587e-11 4.747607465311293382e-11 4.317288202427301494e-11 -1.015547834325826032e-13 -3.421088370370160118e-11 -3.622976603478708827e-11 -3.550649974331396946e-11 -3.247024647674188696e-11 -2.850188615911822519e-11 0.000000000000000000e+00 0.000000000000000000e+00 1.842778200665881080e-11 1.966731756859249910e-11 2.062963854477865231e-11 8.173256689059030459e-10 1.270386794132537487e-10 6.351933970662687434e-11 0.000000000000000000e+00 -1.520223535880460919e-13 -5.830489194499091398e-11 -7.902797737554483129e-11 -8.165101177442358160e-11 -6.156936319518714768e-11 -4.465332729626681796e-11 0.000000000000000000e+00 3.785222756834696167e-11 4.659988315621516184e-11 5.368375475944828965e-11 5.289601362354857083e-11 4.502925602830735693e-11 0.000000000000000000e+00 -8.912951833906638262e-14 -3.063839137493391265e-11 -3.276939051147794593e-11 -3.294895130905310287e-11 -3.108463886758081117e-11 -2.803143591316289037e-11 0.000000000000000000e+00 1.998523922013541961e-11 2.135216942679002244e-11 2.232158566005646074e-11 7.175036360323871693e-14
0.000000000000000000e+00 0.000000000000000000e+00 0.000000000000000000e+00 0.000000000000000000e+00 0.000000000000000000e+00 8.723919460973435940e-11 2.250187060347980972e-10 1.766938857107937926e-10 -3.042991014963656501e-13 -1.025949039519975508e-10 -9.726043232386868706e-11 -6.450338558447534476e-11 -4.477055273575688213e-11 -3.368352652314949960e-11 0.000000000000000000e+00 0.000000000000000000e+00 2.844676535524843323e-11 3.422800666274406692e-11 4.098583583304151527e-11 4.657717630242812804e-11 4.711275613976090219e-11 -1.119349558042427527e-13 -3.606895533711032640e-11 -3.581971960581376637e-11 -3.307615281346892959e-11 -2.920241949532403604e-11 -2.532537589829689099e-11 0.000000000000000000e+00 0.000000000000000000e+00 1.707916229188210946e-11 1.842778200665920178e-11 1.966731756859211782e-11 1.270386794132537487e-10 8.173256689059039764e-10 1.270386794132537745e-10 0.000000000000000000e+00 -2.140962819560421631e-13 -7.585148692103567208e-11 -8.359762787945729735e-11 -6.505342626998301275e-11 -4.696184648439456068e-11 -3.547782134073154539e-11 0.000000000000000000e+00 3.177584046765760511e-11 3.923212665329550175e-11 4.805994147007981272e-11 5.422374765444199676e-11 5.181775938598708946e-11 0.000000000000000000e+00 -9.785759216504529269e-14 -3.253112035448550827e-11 -3.307313133877139318e-11 -3.150604212268771851e-11 -2.857661213995182086e-11 -2.527306594249897227e-11 0.000000000000000000e+00 1.844753047407342698e-11 1.998355456930709041e-11 2.135079867965193684e-11 6.984303509677277154e-14
0.000000000000000000e+00 0.000000000000000000e+00 0.000000000000000000e+00 0.000000000000000000e+00 0.000000000000000000e+00 5.220215987455403829e-11 8.723919460973435940e-11 2.250187060347978387e-10 -4.775012033964499635e-13 -1.024110074985369259e-10 -6.910807998040604060e-11 -4.728014995677041657e-11 -3.515311513823777562e-11 -2.778805548521395961e-11 0.000000000000000000e+00 0.000000000000000000e+00 2.462635370574238645e-11 2.931738061915428673e-11 3.531311089355964413e-11 4.209645930913791283e-11 4.710867995351152542e-11 -1.167229834700539465e-13 -3.606066516015712572e-11 -3.365173041716313687e-11 -2.986720619447372159e-11 -2.596831763693992805e-11 -2.250953549022089153e-11 0.000000000000000000e+00 0.000000000000000000e+00 1.574159284578363000e-11 1.707916229188247458e-11 1.842778200665884311e-11 6.351933970662687434e-11 1.270386794132537745e-10 8.173256689059039764e-10 0.000000000000000000e+00 -3.001675880713405185e-13 -8.463348018197746180e-11 -6.864452058709117481e-11 -4.946151666696055444e-11 -3.703150841864098552e-11 -2.919035388869740304e-11 0.000000000000000000e+00 2.702842373664276078e-11 3.288107691339706093e-11 4.065839353594917086e-11 4.945641564747475989e-11 5.440155391357459890e-11 0.000000000000000000e+00 -1.033021860671597899e-13 -3.313628088841610127e-11 -3.188941565446292653e-11 -2.911256662845032007e-11 -2.581692946106813302e-11 -2.267620673782079835e-11 0.000000000000000000e+00 1.690916793960911786e-11 1.844576408302624322e-11 1.998186970895165346e-11 6.644702641204864726e-14
2.239116657958294111e-11 3.642488960909720361e-11 -1.947758993238421948e-11 -1.302668040885208041e-11 2.337510220757686868e-11 0.000000000000000000e+00 0.000000000000000000e+00 0.000000000000000000e+00 1.902137541922736522e-10 0.000000000000000000e+00 0.000000000000000000e+00 0.000000000000000000e+00 0.000000000000000000e+00 0.000000000000000000e+00 1.568755745820030023e-11 1.511370224411768905e-11 0.000000000000000000e+00 0.000000000000000000e+00 0.000000000000000000e+00 0.000000000000000000e+00 0.000000000000000000e+00 3.492565731546551772e-11 0.000000000000000000e+00 0.000000000000000000e+00 0.000000000000000000e+00 0.000000000000000000e+00 5.626312129887565351e-14 1.342716790415371575e-11 1.256164050913348282e-11 0.000000000000000000e+00 0.000000000000000000e+00 0.000000000000000000e+00 0.000000000000000000e+00 0.000000000000000000e+00 0.000000000000000000e+00 7.125423505123454627e-10 1.141615535457481980e-10 0.000000000000000000e+00 0.000000000000000000e+00 0.000000000000000000e+00 0.000000000000000000e+00 0.000000000000000000e+00 1.819904246748845019e-11 0.000000000000000000e+00 0.000000000000000000e+00 0.000000000000000000e+00 0.000000000000000000e+00 1.603798930314926976e-13 3.678417820067761223e-11 2.774072731164706727e-11 0.000000000000000000e+00 0.000000000000000000e+00 0.000000000000000000e+00 0.000000000000000000e+00 0.000000000000000000e+00 1.505536004736872818e-11 0.000000000000000000e+00 0.000000000000000000e+00 0.000000000000000000e+00 1.447162564504157660e-11
2.021787042796197868e-11 3.241607047408333878e-11 -2.180057081604589987e-11 -1.465064452795551194e-11 2.191066263979866724e-11 -1.414532220351366282e-13 -2.031953149260359210e-13 -3.297221666607481866e-13 1.894562577587244006e-10 5.158085174237049001e-13 2.350606305951387401e-13 1.521907980991792038e-13 1.125190130726828836e-13 8.925261289342826294e-14 1.595281570565018381e-11 1.563231868143797924e-11 -8.509466675129325315e-14 -1.044928422145832654e-13 -1.338621826588971395e-13 -1.802953212133124086e-13 -2.465135409111620837e-13 4.778962127539133965e-11 1.715354512891463615e-13 1.438523302690241970e-13 1.167224226036816638e-13 9.569052774302800482e-14 1.399407805681062648e-13 1.422196121842510726e-11 1.337898184640444809e-11 -5.747075587861775459e-14 -6.391372174060568546e-14 -7.114403362308909394e-14 -1.520223535880460919e-13 -2.140962819560421631e-13 -3.001675880713405185e-13 1.141615535457481980e-10 7.090234373124673582e-10 6.900341022230406090e-13 2.789504910906612535e-13 1.706519601524842234e-13 1.225716747374789142e-13 9.555512495962916518e-14 1.874234021718237502e-11 -9.269565513198171019e-14 -1.166700669217785630e-13 -1.556332129063486397e-13 -2.244989598544515916e-13 -8.313864437638678430e-14 5.396920966385215699e-11 3.650760937063231736e-11 1.567091800360412922e-13 1.393853331502361493e-13 1.170745775045695993e-13 9.750595112353658582e-14 8.216070718794032281e-14 1.609249582999494462e-11 -6.205112275916658848e-14 -6.967615768742851716e-14 -7.832967681027748241e-14 1.643612890007870972e-11
0.000000000000000000e+00 0.000000000000000000e+00 0.000000000000000000e+00 0.000000000000000000e+00 0.000000000000000000e+00 -5.662624564129246203e-11 -7.981699930593269291e-11 -1.064627866475101260e-10 5.622134058057894020e-13 3.236600791631196522e-10 1.108211918155909148e-10 6.462258265628161785e-11 4.547097654888970613e-11 3.505002863213637538e-11 0.000000000000000000e+00 0.000000000000000000e+00 -3.396454656321022376e-11 -4.316335097484228235e-11 -5.844139374909755786e-11 -8.606857133426066321e-11 -1.256392909109254464e-10 2.710527388601054609e-13 7.515469028226638837e-11 6.338153841342776631e-11 4.957019947595014886e-11 3.918824421167161885e-11 3.188136394702535313e-11 0.000000000000000000e+00 0.000000000000000000e+00 -2.253751628916336990e-11 -2.535611939211088371e-11 -2.853460661147169675e-11 -5.830489194499091398e-11 -7.585148692103567208e-11 -8.463348018197746180e-11 0.000000000000000000e+00 6.900341022230406090e-13 1.034076381158906316e-09 1.523600922974345860e-10 7.618004614871728007e-11 5.078669743247889111e-11 3.809002307435958354e-11 0.000000000000000000e+00 -3.732372725640123225e-11 -4.899331142606639554e-11 -7.044240596168103649e-11 -1.173614682389184182e-10 -1.825560098824688776e-10 0.000000000000000000e+00 2.133064457372310868e-13 6.527076769538040152e-11 5.999706722570384886e-11 4.956575245730453988e-11 4.008247733264732994e-11 3.289797761191790817e-11 0.000000000000000000e+00 -2.455482995166474931e-11 -2.795971067683333092e-11 -3.184659574065632249e-11 -1.070772674966790844e-13
0.000000000000000000e+00 0.000000000000000000e+00 0.000000000000000000e+00 0.000000000000000000e+00 0.000000000000000000e+00 -8.562624914492662393e-11 -1.085776045618556598e-10 -9.151097831455713975e-11 3.111955370155455240e-13 2.048765268504778885e-10 3.236600791631198073e-10 1.108211918155921684e-10 6.462258265628117841e-11 4.547097654889013264e-11 0.000000000000000000e+00 0.000000000000000000e+00 -4.315681672635940631e-11 -5.843004370232027536e-11 -8.604786560618777470e-11 -1.256232412090748677e-10 -1.133500961837973660e-10 2.194049220715704232e-13 7.229920303757987229e-11 7.515325544959254630e-11 6.337810453184203949e-11 4.956732577851666283e-11 3.913797557431203643e-11 0.000000000000000000e+00 0.000000000000000000e+00 -2.596502230998805492e-11 -2.919484723001044679e-11 -3.245518137774652866e-11 -7.902797737554483129e-11 -8.359762787945729735e-11 -6.864452058709117481e-11 0.000000000000000000e+00 2.789504910906612535e-13 1.523600922974345860e-10 1.034076381158907350e-09 1.523600922974345860e-10 7.618004614871824942e-11 5.078669743247931762e-11 0.000000000000000000e+00 -4.898116114847252854e-11 -7.041834605028967566e-11 -1.173059347166096726e-10 -1.830812972385769526e-10 -1.167404480832565581e-10 0.000000000000000000e+00 1.747961534451860935e-13 5.999706722570384886e-11 6.527076769538045321e-11 5.999706722570384886e-11 4.956575245730529598e-11 4.008247733264780815e-11 0.000000000000000000e+00 -2.870719853426401357e-11 -3.265926099763280305e-11 -3.656886828077870605e-11 -1.185829463956997718e-13
0.000000000000000000e+00 0.000000000000000000e+00 0.000000000000000000e+00 0.000000000000000000e+00 0.000000000000000000e+00 -1.085651595618163384e-10 -8.555896790034545302e-11 -6.035449563960043257e-11 1.882301425857307204e-13 8.970919479801315751e-11 2.048765268504777851e-10 3.236600791631210481e-10 1.108211918155908372e-10 6.462258265628156615e-11 0.000000000000000000e+00 0.000000000000000000e+00 -5.841869751214065065e-11 -8.602716602068112260e-11 -1.256071702836013039e-10 -1.133738204048425870e-10 -7.487501319057481439e-11 1.608067086987077457e-13 5.855214937255974440e-11 7.230174457667071891e-11 7.515181969255492918e-11 6.337467060470449739e-11 4.949864244041678323e-11 0.000000000000000000e+00 0.000000000000000000e+00 -2.985748878960642264e-11 -3.305832742559772835e-11 -3.547782750876877958e-11 -8.165101177442358160e-11 -6.505342626998301275e-11 -4.946151666696055444e-11 0.000000000000000000e+00 1.706519601524842234e-13 7.618004614871728007e-11 1.523600922974345860e-10 1.034076381158908384e-09 1.523600922974358268e-10 7.618004614871854669e-11 0.000000000000000000e+00 -7.039430114340331066e-11 -1.172504354436100427e-10 -1.830818055822751331e-10 -1.169734529281286618e-10 -7.019182710796173310e-11 0.000000000000000000e+00 1.358111643195617178e-13 4.956575245730453988e-11 5.999706722570384886e-11 6.527076769538044029e-11 5.999706722570476651e-11 4.956575245730584528e-11 0.000000000000000000e+00 -3.347224170767431690e-11 -3.726556755618539137e-11 -3.972186163300660171e-11 -1.233289060493398272e-13
0.000000000000000000e+00 0.000000000000000000e+00 0.000000000000000000e+00 0.000000000000000000e+00 0.000000000000000000e+00 -7.975262832627985547e-11 -5.658555943302250158e-11 -4.250282025301621694e-11 1.326182533756052018e-13 5.671853805046260081e-11 8.970919479801420441e-11 2.048765268504846610e-10 3.236600791631224957e-10 1.108211918155932153e-10 0.000000000000000000e+00 0.000000000000000000e+00 -8.600647257881852322e-11 -1.255910781620880748e-10 -1.133975393873092904e-10 -7.489208868283070950e-11 -5.234448654046978445e-11 1.218917794037619452e-13 4.573040538415966069e-11 5.855552800444921656e-11 7.230428548740364890e-11 7.515038301132238525e-11 6.327446164721481857e-11 0.000000000000000000e+00 0.000000000000000000e+00 -3.363111000689345712e-11 -3.578842561254709144e-11 -3.618977961488546599e-11 -6.156936319518714768e-11 -4.696184648439456068e-11 -3.703150841864098552e-11 0.000000000000000000e+00 1.225716747374789142e-13 5.078669743247889111e-11 7.618004614871824942e-11 1.523600922974358268e-10 1.034076381158930097e-09 1.523600922974384117e-10 0.000000000000000000e+00 -1.171949704231842808e-10 -1.830821444804345126e-10 -1.170287809081202376e-10 -7.029827131217269887e-11 -4.886606299166266284e-11 0.000000000000000000e+00 1.075586027454239871e-13 4.008247733264732994e-11 4.956575245730529598e-11 5.999706722570476651e-11 6.527076769538262456e-11 5.999706722570661475e-11 0.000000000000000000e+00 -3.790879990549172007e-11 -3.994112704203665084e-11 -3.940591147013376320e-11 -1.185829463957019427e-13
0.000000000000000000e+00 0.000000000000000000e+00 0.000000000000000000e+00 0.000000000000000000e+00 0.000000000000000000e+00 -5.318526363492748686e-11 -4.042448135402633859e-11 -3.233351935652079136e-11 1.019410170731029628e-13 4.139459441267878667e-11 5.671853805046303379e-11 8.970919479801633698e-11 2.048765268504860311e-10 3.236600791631331973e-10 0.000000000000000000e+00 0.000000000000000000e+00 -1.255749648721284262e-10 -1.134212531088578739e-10 -7.490917005672688518e-11 -5.235381766072340530e-11 -3.960190602164213963e-11 9.682057757784135907e-14 3.649568191870831335e-11 4.573298147910125490e-11 5.855890674507439782e-11 7.230682576954343278e-11 7.501269572286626741e-11 0.000000000000000000e+00 0.000000000000000000e+00 -3.602703024189875501e-11 -3.602817094563766563e-11 -3.416919148188516968e-11 -4.465332729626681796e-11 -3.547782134073154539e-11 -2.919035388869740304e-11 0.000000000000000000e+00 9.555512495962916518e-14 3.809002307435958354e-11 5.078669743247931762e-11 7.618004614871854669e-11 1.523600922974384117e-10 1.034076381158953259e-09 0.000000000000000000e+00 -1.830823139302199554e-10 -1.170841431524913325e-10 -7.032225632538110286e-11 -4.893261792726563879e-11 -3.724681146705924317e-11 0.000000000000000000e+00 8.790970141264690244e-14 3.289797761191790817e-11 4.008247733264780815e-11 4.956575245730584528e-11 5.999706722570661475e-11 6.527076769538478299e-11 0.000000000000000000e+00 -4.005213021486667342e-11 -3.898976649262319378e-11 -3.584259276324684012e-11 -1.070772674966826816e-13
2.259319826821389276e-11 3.100350189141669414e-11 -3.021454635852189967e-11 -1.876041571934224789e-11 2.583888244357167983e-11 0.000000000000000000e+00 0.000000000000000000e+00 0.000000000000000000e+00 2.204444785932833166e-11 0.000000000000000000e+00 0.000000000000000000e+00 0.000000000000000000e+00 0.000000000000000000e+00 0.000000000000000000e+00 1.897675011137350396e-10 1.889702802051388545e-10 0.000000000000000000e+00 0.000000000000000000e+00 0.000000000000000000e+00 0.000000000000000000e+00 0.000000000000000000e+00 2.196815254803197991e-11 0.000000000000000000e+00 0.000000000000000000e+00 0.000000000000000000e+00 0.000000000000000000e+00 2.255776187938998925e-13 4.779550201885851637e-11 3.481711888900240429e-11 0.000000000000000000e+00 0.000000000000000000e+00 0.000000000000000000e+00 0.000000000000000000e+00 0.000000000000000000e+00 0.000000000000000000e+00 1.819904246748845019e-11 1.874234021718237502e-11 0.000000000000000000e+00 0.000000000000000000e+00 0.000000000000000000e+00 0.000000000000000000e+00 0.000000000000000000e+00 8.161206246808868129e-10 0.000000000000000000e+00 0.000000000000000000e+00 0.000000000000000000e+00 0.000000000000000000e+00 7.948837820089154458e-14 1.880566861373465046e-11 1.813071998499907486e-11 0.000000000000000000e+00 0.000000000000000000e+00 0.000000000000000000e+00 0.000000000000000000e+00 0.000000000000000000e+00 4.527557460952345534e-11 0.000000000000000000e+00 0.000000000000000000e+00 0.000000000000000000e+00 2.126292269000398433e-11
0.000000000000000000e+00 0.000000000000000000e+00 0.000000000000000000e+00 0.000000000000000000e+00 0.000000000000000000e+00 4.402102856399629770e-11 3.594423412236799022e-11 2.990763120364970761e-11 -9.691723283361064788e-14 -3.964899318303838416e-11 -5.242584975700723142e-11 -7.504152114608182737e-11 -1.137084290802368735e-10 -1.258672002746082339e-10 0.000000000000000000e+00 0.000000000000000000e+00 3.226759021201802863e-10 2.046976264353357353e-10 8.974997634981121656e-11 5.675555572499595346e-11 4.142426512058661981e-11 -1.020261528243894652e-13 -3.965059871514943159e-11 -5.242350473046550343e-11 -7.501689349501192950e-11 -1.135611932541706856e-10 -1.253131678979257554e-10 0.000000000000000000e+00 0.000000000000000000e+00 4.707058868438249331e-11 4.707528450074373462e-11 4.314614671966690689e-11 3.785222756834696167e-11 3.177584046765760511e-11 2.702842373664276078e-11 0.000000000000000000e+00 -9.269565513198171019e-14 -3.732372725640123225e-11 -4.898116114847252854e-11 -7.039430114340331066e-11 -1.171949704231842808e-10 -1.830823139302199554e-10 0.000000000000000000e+00 1.035142528335334901e-09 1.524821714526162151e-10 7.624108572630715113e-11 5.082739048420568723e-11 3.808142644981359396e-11 0.000000000000000000e+00 -9.309338058559508548e-14 -3.569235327516366922e-11 -4.545766727408141810e-11 -6.097994732214610426e-11 -8.453703001541551007e-11 -1.015588766161688223e-10 0.000000000000000000e+00 5.436987991384734647e-11 5.180428199923815515e-11 4.503876604739457867e-11 1.295920311020546705e-13
0.000000000000000000e+00 0.000000000000000000e+00 0.000000000000000000e+00 0.000000000000000000e+00 0.000000000000000000e+00 5.590257452987290276e-11 4.589720648155380537e-11 3.738620597669515580e-11 -1.220483288329357813e-13 -5.243908760580288393e-11 -7.506577837809663052e-11 -1.137421324494040628e-10 -1.258441806751361413e-10 -8.606281258943408557e-11 0.000000000000000000e+00 0.000000000000000000e+00 1.108456988998268792e-10 3.225626536088626997e-10 2.047552474462876462e-10 8.976212638427755361e-11 5.676047254825056090e-11 -1.327589045390382008e-13 -5.243285779257794943e-11 -7.503401375785039983e-11 -1.135848932983202040e-10 -1.255680483273785927e-10 -8.582949643898541900e-11 0.000000000000000000e+00 0.000000000000000000e+00 4.206918271345647063e-11 4.653962562066868317e-11 4.743781509798953945e-11 4.659988315621516184e-11 3.923212665329550175e-11 3.288107691339706093e-11 0.000000000000000000e+00 -1.166700669217785630e-13 -4.899331142606639554e-11 -7.041834605028967566e-11 -1.172504354436100427e-10 -1.830821444804345126e-10 -1.170841431524913325e-10 0.000000000000000000e+00 1.524821714526162151e-10 1.035142528335334901e-09 1.524821714526149485e-10 7.624108572630874087e-11 5.077771379631884261e-11 0.000000000000000000e+00 -1.174660842271095221e-13 -4.546737903525195445e-11 -6.099557578228729204e-11 -8.455784065049722185e-11 -1.015588476923291534e-10 -8.449540482766383012e-11 0.000000000000000000e+00 4.933779285420253469e-11 5.409097983176491257e-11 5.279455229464516266e-11 1.516851186473070893e-13
0.000000000000000000e+00 0.000000000000000000e+00 0.000000000000000000e+00 0.000000000000000000e+00 0.000000000000000000e+00 6.351682138151275682e-11 5.779846709010425147e-11 4.784563393117586678e-11 -1.610827734289270048e-13 -7.509004745789233303e-11 -1.137758251375648605e-10 -1.258211187009872540e-10 -8.603348177064341104e-11 -5.841493039570390623e-11 0.000000000000000000e+00 0.000000000000000000e+00 6.465335162548867905e-11 1.108273680944961303e-10 3.224494449275470092e-10 2.048128968161312950e-10 8.977427964263783167e-11 -1.884984717110996757e-13 -7.505113991388333879e-11 -1.136085879522007689e-10 -1.255518205042520019e-10 -8.593338096385254417e-11 -5.830831840062484647e-11 0.000000000000000000e+00 0.000000000000000000e+00 3.529695217516826603e-11 4.095932850040327969e-11 4.585893803687382282e-11 5.368375475944828965e-11 4.805994147007981272e-11 4.065839353594917086e-11 0.000000000000000000e+00 -1.556332129063486397e-13 -7.044240596168103649e-11 -1.173059347166096726e-10 -1.830818055822751331e-10 -1.170287809081202376e-10 -7.032225632538110286e-11 0.000000000000000000e+00 7.624108572630715113e-11 1.524821714526149485e-10 1.035142528335313601e-09 1.524821714526149226e-10 7.617400419143204863e-11 0.000000000000000000e+00 -1.575379734433939846e-13 -6.101120999385201089e-11 -8.457864995565125721e-11 -1.015587898447240421e-10 -8.447459031101654367e-11 -6.093309644077372974e-11 0.000000000000000000e+00 4.057071615444094855e-11 4.793809252869413167e-11 5.354581820197114707e-11 1.619744040755172685e-13
0.000000000000000000e+00 0.000000000000000000e+00 0.000000000000000000e+00 0.000000000000000000e+00 0.000000000000000000e+00 5.776651047343834184e-11 6.351295805619882901e-11 5.953393094328220401e-11 -2.198940991146676958e-13 -1.138095070807063052e-10 -1.257980144312895659e-10 -8.600416335436622243e-11 -5.839888596597684960e-11 -4.314275413952911573e-11 0.000000000000000000e+00 0.000000000000000000e+00 4.549531227017538551e-11 6.464698729573940616e-11 1.108090431611329350e-10 3.223362761177423270e-10 2.048705745619253431e-10 -3.118027964404598636e-13 -1.136322771933029864e-10 -1.255355716707189047e-10 -8.591271769841442943e-11 -5.836789788500787416e-11 -4.307976535461325419e-11 0.000000000000000000e+00 0.000000000000000000e+00 2.930810200281448510e-11 3.421203055775942094e-11 3.982351199323140335e-11 5.289601362354857083e-11 5.422374765444199676e-11 4.945641564747475989e-11 0.000000000000000000e+00 -2.244989598544515916e-13 -1.173614682389184182e-10 -1.830812972385769526e-10 -1.169734529281286618e-10 -7.029827131217269887e-11 -4.893261792726563879e-11 0.000000000000000000e+00 5.082739048420568723e-11 7.624108572630874087e-11 1.524821714526149226e-10 1.035142528335334901e-09 1.523925758212173092e-10 0.000000000000000000e+00 -2.303325492637757787e-13 -8.459945791279544796e-11 -1.015587030735084685e-10 -8.445377453649552618e-11 -6.091749097681455449e-11 -4.541885649811768488e-11 0.000000000000000000e+00 3.281819773212833429e-11 3.914135471058838693e-11 4.647459758420304117e-11 1.516101799045083396e-13
6.797040396454873242e-14 1.060289481154327578e-13 -1.093969405413895988e-13 -7.400156416052102314e-14 7.694683698277297975e-14 4.579980392001446151e-11 5.577923772094756344e-11 6.295617376704282672e-11 -4.444346885517003321e-14 -1.255034678617080595e-10 -8.585043873367642663e-11 -5.831201480408732235e-11 -4.308401045033427928e-11 -3.391136862962650512e-11 6.598019962761450082e-14 6.685418168810434526e-14 3.503398005827264881e-11 4.544862711366964543e-11 6.458620708368607703e-11 1.107341957611899269e-10 3.228101497564058470e-10 -9.383809507127749849e-14 -1.255295470649761312e-10 -8.585774321468034013e-11 -5.831397724989016947e-11 -4.308467034929736603e-11 -3.387307010639868151e-11 6.369398046102739742e-14 6.041538896568176115e-14 2.459784739970182639e-11 2.841230796328277394e-11 3.313157555243602058e-11 4.502925602830735693e-11 5.181775938598708946e-11 5.440155391357459890e-11 1.603798930314926976e-13 -8.313864437638678430e-14 -1.825560098824688776e-10 -1.167404480832565581e-10 -7.019182710796173310e-11 -4.886606299166266284e-11 -3.724681146705924317e-11 7.948837820089154458e-14 3.808142644981359396e-11 5.077771379631884261e-11 7.617400419143204863e-11 1.523925758212173092e-10 1.033586597271436282e-09 5.176689355503020222e-13 -8.823909776094798009e-14 -1.015353881367568458e-10 -8.440423537826919912e-11 -6.086254341208142362e-11 -4.537156789511492768e-11 -3.562795154600266176e-11 7.345433365327454852e-14 2.695686623372513934e-11 3.168321395497374303e-11 3.773015026510624667e-11 2.155078755676951477e-13
1.546561034222262187e-11 2.386776713597640576e-11 -2.867577537703991763e-11 -1.968716715316589807e-11 1.713734011419504072e-11 0.000000000000000000e+00 0.000000000000000000e+00 0.000000000000000000e+00 4.805983208561826629e-11 0.000000000000000000e+00 0.000000000000000000e+00 0.000000000000000000e+00 0.000000000000000000e+00 0.000000000000000000e+00 1.568668857583589354e-11 1.600868844244134194e-11 0.000000000000000000e+00 0.000000000000000000e+00 0.000000000000000000e+00 0.000000000000000000e+00 0.000000000000000000e+00 1.899670774980493536e-10 0.000000000000000000e+00 0.000000000000000000e+00 0.000000000000000000e+00 0.000000000000000000e+00 6.610269628026271371e-14 1.568755745820028408e-11 1.511370224411765997e-11 0.000000000000000000e+00 0.000000000000000000e+00 0.000000000000000000e+00 0.000000000000000000e+00 0.000000000000000000e+00 0.000000000000000000e+00 3.678417820067761223e-11 5.396920966385215699e-11 0.000000000000000000e+00 0.000000000000000000e+00 0.000000000000000000e+00 0.000000000000000000e+00 0.000000000000000000e+00 1.880566861373465046e-11 0.000000000000000000e+00 0.000000000000000000e+00 0.000000000000000000e+00 0.000000000000000000e+00 5.176689355503020222e-13 7.125423505123448424e-10 1.141615535457495421e-10 0.000000000000000000e+00 0.000000000000000000e+00 0.000000000000000000e+00 0.000000000000000000e+00 0.000000000000000000e+00 1.819904246748806568e-11 0.000000000000000000e+00 0.000000000000000000e+00 0.000000000000000000e+00 2.243176784184079850e-11
1.355760749192957337e-11 2.064279892233298092e-11 -3.253921078833946260e-11 -2.277570877090247016e-11 1.497235265340050762e-11 -9.104449445790349606e-14 -1.026611806900328814e-13 -1.119005829492398528e-13 3.487892880418047591e-11 1.769350578175292732e-13 1.469911741194055115e-13 1.183798721410031129e-13 9.659702633300707190e-14 8.065637911968002766e-14 1.505893822454797592e-11 1.563145241982506053e-11 -8.813392819755713626e-14 -1.102802690716406810e-13 -1.467323791827713511e-13 -2.161551111560725458e-13 -3.754168170979461979e-13 1.884171883224753400e-10 5.159430501145575117e-13 2.350788511003579555e-13 1.521972335235993045e-13 1.125222160320132771e-13 1.559039217682858646e-13 1.595281570565054570e-11 1.563231868143832175e-11 -6.981844783624795148e-14 -8.242837461385192213e-14 -1.000250368993549119e-13 -8.912951833906638262e-14 -9.785759216504529269e-14 -1.033021860671597899e-13 2.774072731164706727e-11 3.650760937063231736e-11 2.133064457372310868e-13 1.747961534451860935e-13 1.358111643195617178e-13 1.075586027454239871e-13 8.790970141264690244e-14 1.813071998499907486e-11 -9.309338058559508548e-14 -1.174660842271095221e-13 -1.575379734433939846e-13 -2.303325492637757787e-13 -8.823909776094798009e-14 1.141615535457495421e-10 7.090234373124885547e-10 6.900341022230349545e-13 2.789504910906609001e-13 1.706519601524841224e-13 1.225716747374789142e-13 9.555512495962915256e-14 1.874234021718242025e-11 -7.582036710770528961e-14 -9.120450140634017862e-14 -1.137987074008729260e-13 2.580361065912925246e-11
0.000000000000000000e+00 0.000000000000000000e+00 0.000000000000000000e+00 0.000000000000000000e+00 0.000000000000000000e+00 -3.182855993354994863e-11 -3.466428505570897752e-11 -3.619116239385764639e-11 1.397673584525162150e-13 5.671112774742228914e-11 5.111036332849385645e-11 4.299957044023854112e-11 3.569073842749231835e-11 2.994250334414223124e-11 0.000000000000000000e+00 0.000000000000000000e+00 -3.396454656321019145e-11 -4.316335097484221127e-11 -5.844139374909738983e-11 -8.606857133426015915e-11 -1.256392909109238696e-10 5.612027696126256397e-13 3.223106170319313790e-10 1.107644446536073015e-10 6.461087318738736687e-11 4.546673924073053869e-11 3.501248505984451109e-11 0.000000000000000000e+00 0.000000000000000000e+00 -2.780471344068636206e-11 -3.370760111149553628e-11 -4.252755678845573081e-11 -3.063839137493391265e-11 -3.253112035448550827e-11 -3.313628088841610127e-11 0.000000000000000000e+00 1.567091800360412922e-13 6.527076769538040152e-11 5.999706722570384886e-11 4.956575245730453988e-11 4.008247733264732994e-11 3.289797761191790817e-11 0.000000000000000000e+00 -3.569235327516366922e-11 -4.546737903525195445e-11 -6.101120999385201089e-11 -8.459945791279544796e-11 -1.015353881367568458e-10 0.000000000000000000e+00 6.900341022230349545e-13 1.034076381158906316e-09 1.523600922974345860e-10 7.618004614871728007e-11 5.078669743247889111e-11 3.809002307435958354e-11 0.000000000000000000e+00 -3.044766436146433517e-11 -3.781463987732255559e-11 -4.962115455019718065e-11 -1.864601614457956324e-13
0.000000000000000000e+00 0.000000000000000000e+00 0.000000000000000000e+00 0.000000000000000000e+00 0.000000000000000000e+00 -3.510092880936277342e-11 -3.627209982745549939e-11 -3.547390528567591080e-11 1.309089979927044737e-13 5.545222483437386327e-11 5.671112774742230207e-11 5.111036332849465778e-11 4.299957044023841188e-11 3.569073842749275779e-11 0.000000000000000000e+00 0.000000000000000000e+00 -4.315681672635934815e-11 -5.843004370232012026e-11 -8.604786560618725772e-11 -1.256232412090732651e-10 -1.133500961837962157e-10 3.110238236791327728e-13 2.046048989013443015e-10 3.221974967235326959e-10 1.107461204283063420e-10 6.460451007669150214e-11 4.542005750104673325e-11 0.000000000000000000e+00 0.000000000000000000e+00 -3.517921275293781704e-11 -4.481132659901164995e-11 -6.039958678035272864e-11 -3.276939051147794593e-11 -3.307313133877139318e-11 -3.188941565446292653e-11 0.000000000000000000e+00 1.393853331502361493e-13 5.999706722570384886e-11 6.527076769538045321e-11 5.999706722570384886e-11 4.956575245730529598e-11 4.008247733264780815e-11 0.000000000000000000e+00 -4.545766727408141810e-11 -6.099557578228729204e-11 -8.457864995565125721e-11 -1.015587030735084685e-10 -8.440423537826919912e-11 0.000000000000000000e+00 2.789504910906609001e-13 1.523600922974345860e-10 1.034076381158907350e-09 1.523600922974345860e-10 7.618004614871824942e-11 5.078669743247931762e-11 0.000000000000000000e+00 -3.972829775742747058e-11 -5.287584197874892201e-11 -7.716932269071417721e-11 -2.810631562550639270e-13
0.000000000000000000e+00 0.000000000000000000e+00 0.000000000000000000e+00 0.000000000000000000e+00 0.000000000000000000e+00 -3.627163578409156100e-11 -3.509628948132791693e-11 -3.244817993672252287e-11 1.145190061783158512e-13 4.847046876167339499e-11 5.545222483437385680e-11 5.671112774742321972e-11 5.111036332849452207e-11 4.299957044023892886e-11 0.000000000000000000e+00 0.000000000000000000e+00 -5.841869751214049556e-11 -8.602716602068060561e-11 -1.256071702835997271e-10 -1.133738204048414109e-10 -7.487501319057447834e-11 1.881921236952669957e-13 8.970700385365783825e-11 2.046625230984608948e-10 3.220844162000475346e-10 1.107278020748996272e-10 6.454373653644861447e-11 0.000000000000000000e+00 0.000000000000000000e+00 -4.732508727053155245e-11 -6.457818206338798341e-11 -9.157837405106916203e-11 -3.294895130905310287e-11 -3.150604212268771851e-11 -2.911256662845032007e-11 0.000000000000000000e+00 1.170745775045695993e-13 4.956575245730453988e-11 5.999706722570384886e-11 6.527076769538044029e-11 5.999706722570476651e-11 4.956575245730584528e-11 0.000000000000000000e+00 -6.097994732214610426e-11 -8.455784065049722185e-11 -1.015587898447240421e-10 -8.445377453649552618e-11 -6.086254341208142362e-11 0.000000000000000000e+00 1.706519601524841224e-13 7.618004614871728007e-11 1.523600922974345860e-10 1.034076381158908384e-09 1.523600922974358268e-10 7.618004614871854669e-11 0.000000000000000000e+00 -5.655195176280942672e-11 -8.444787592433844040e-11 -1.361822424364234157e-10 -3.703485860251896002e-13
0.000000000000000000e+00 0.000000000000000000e+00 0.000000000000000000e+00 0.000000000000000000e+00 0.000000000000000000e+00 -3.465900696201928651e-11 -3.182132948675892714e-11 -2.852713091616142770e-11 9.764353242898519437e-14 4.041488163585637282e-11 4.847046876167413170e-11 5.545222483437570504e-11 5.671112774742415030e-11 5.111036332849609888e-11 0.000000000000000000e+00 0.000000000000000000e+00 -8.600647257881801916e-11 -1.255910781620865238e-10 -1.133975393873081530e-10 -7.489208868283037345e-11 -5.234448654046966813e-11 1.326049547089089711e-13 5.672689519438713223e-11 8.971915569401431622e-11 2.047201756634971785e-10 3.219713755029380646e-10 1.106529683080840473e-10 0.000000000000000000e+00 0.000000000000000000e+00 -6.919042437281146027e-11 -9.735504310462603192e-11 -1.064276024040328286e-10 -3.108463886758081117e-11 -2.857661213995182086e-11 -2.581692946106813302e-11 0.000000000000000000e+00 9.750595112353658582e-14 4.008247733264732994e-11 4.956575245730529598e-11 5.999706722570476651e-11 6.527076769538262456e-11 5.999706722570661475e-11 0.000000000000000000e+00 -8.453703001541551007e-11 -1.015588476923291534e-10 -8.447459031101654367e-11 -6.091749097681455449e-11 -4.537156789511492768e-11 0.000000000000000000e+00 1.225716747374789142e-13 5.078669743247889111e-11 7.618004614871824942e-11 1.523600922974358268e-10 1.034076381158930097e-09 1.523600922974384117e-10 0.000000000000000000e+00 -9.284979372538356387e-11 -1.458934636727069486e-10 -1.248780865797138219e-10 -2.810631562550716010e-13
0.000000000000000000e+00 0.000000000000000000e+00 0.000000000000000000e+00 0.000000000000000000e+00 0.000000000000000000e+00 -3.117746314564833862e-11 -2.787266775938194726e-11 -2.475545123046949653e-11 8.325969979132822289e-14 3.361499029804594343e-11 4.041488163585685750e-11 4.847046876167561804e-11 5.545222483437659038e-11 5.671112774742602438e-11 0.000000000000000000e+00 0.000000000000000000e+00 -1.255749648721268236e-10 -1.134212531088566977e-10 -7.490917005672656207e-11 -5.235381766072328898e-11 -3.960190602164209439e-11 1.019349765881971588e-13 4.140274176143666533e-11 5.673181257160762027e-11 8.973131076068019306e-11 2.047778566135067992e-10 3.224444982956162810e-10 0.000000000000000000e+00 0.000000000000000000e+00 -1.024900559813323363e-10 -1.025163271259989470e-10 -7.427634497931078248e-11 -2.803143591316289037e-11 -2.527306594249897227e-11 -2.267620673782079835e-11 0.000000000000000000e+00 8.216070718794032281e-14 3.289797761191790817e-11 4.008247733264780815e-11 4.956575245730584528e-11 5.999706722570661475e-11 6.527076769538478299e-11 0.000000000000000000e+00 -1.015588766161688223e-10 -8.449540482766383012e-11 -6.093309644077372974e-11 -4.541885649811768488e-11 -3.562795154600266176e-11 0.000000000000000000e+00 9.555512495962915256e-14 3.809002307435958354e-11 5.078669743247931762e-11 7.618004614871854669e-11 1.523600922974384117e-10 1.034076381158953259e-09 0.000000000000000000e+00 -1.515988441738580653e-10 -1.132675194832156714e-10 -7.097111847365508363e-11 -1.864601614458019181e-13
1.407738016149765504e-11 2.002662752330207451e-11 -5.058492116198848407e-11 -2.942174972358114105e-11 1.564022064598867178e-11 0.000000000000000000e+00 0.000000000000000000e+00 0.000000000000000000e+00 1.817800623603142024e-11 0.000000000000000000e+00 0.000000000000000000e+00 0.000000000000000000e+00 0.000000000000000000e+00 0.000000000000000000e+00 3.485300131958997483e-11 4.786268916414826503e-11 0.000000000000000000e+00 0.000000000000000000e+00 0.000000000000000000e+00 0.000000000000000000e+00 0.000000000000000000e+00 2.196815254803151786e-11 0.000000000000000000e+00 0.000000000000000000e+00 0.000000000000000000e+00 0.000000000000000000e+00 4.684949240209851673e-13 1.897675011137338764e-10 1.889702802051326248e-10 0.000000000000000000e+00 0.000000000000000000e+00 0.000000000000000000e+00 0.000000000000000000e+00 0.000000000000000000e+00 0.000000000000000000e+00 1.505536004736872818e-11 1.609249582999494462e-11 0.000000000000000000e+00 0.000000000000000000e+00 0.000000000000000000e+00 0.000000000000000000e+00 0.000000000000000000e+00 4.527557460952345534e-11 0.000000000000000000e+00 0.000000000000000000e+00 0.000000000000000000e+00 0.000000000000000000e+00 7.345433365327454852e-14 1.819904246748806568e-11 1.874234021718242025e-11 0.000000000000000000e+00 0.000000000000000000e+00 0.000000000000000000e+00 0.000000000000000000e+00 0.000000000000000000e+00 8.161206246808638587e-10 0.000000000000000000e+00 0.000000000000000000e+00 0.000000000000000000e+00 3.234064647299669853e-11
0.000000000000000000e+00 0.000000000000000000e+00 0.000000000000000000e+00 0.000000000000000000e+00 0.000000000000000000e+00 2.183322743947003361e-11 2.006917181746120599e-11 1.828181544500779370e-11 -6.219432232816726237e-14 -2.474505770196792272e-11 -2.851842907557135962e-11 -3.244117632063194313e-11 -3.546606411673706991e-11 -3.617756819422840854e-11 0.000000000000000000e+00 0.000000000000000000e+00 6.299147657277650351e-11 5.943993011562940845e-11 4.776770720367539755e-11 3.732779215249830078e-11 2.986310134923204946e-11 -7.924765676421207762e-14 -3.232394719608436791e-11 -4.250015679384247590e-11 -6.037062372194522000e-11 -9.154223618455565235e-11 -1.063129954632895755e-10 0.000000000000000000e+00 0.000000000000000000e+00 2.239716249375505303e-10 1.759176486456700809e-10 7.694639170537262636e-11 1.998523922013541961e-11 1.844753047407342698e-11 1.690916793960911786e-11 0.000000000000000000e+00 -6.205112275916658848e-14 -2.455482995166474931e-11 -2.870719853426401357e-11 -3.347224170767431690e-11 -3.790879990549172007e-11 -4.005213021486667342e-11 0.000000000000000000e+00 5.436987991384734647e-11 4.933779285420253469e-11 4.057071615444094855e-11 3.281819773212833429e-11 2.695686623372513934e-11 0.000000000000000000e+00 -7.582036710770528961e-14 -3.044766436146433517e-11 -3.972829775742747058e-11 -5.655195176280942672e-11 -9.284979372538356387e-11 -1.515988441738580653e-10 0.000000000000000000e+00 8.161206246808667538e-10 1.268948077491402351e-10 6.344740387456885094e-11 1.703720148067628864e-13
0.000000000000000000e+00 0.000000000000000000e+00 0.000000000000000000e+00 0.000000000000000000e+00 0.000000000000000000e+00 2.333015571808315487e-11 2.183132434738434262e-11 2.006712535709520439e-11 -6.915532319290295447e-14 -2.785994679196055692e-11 -3.181051076963654109e-11 -3.508658568242564496e-11 -3.625999477583649326e-11 -3.464665466496267366e-11 0.000000000000000000e+00 0.000000000000000000e+00 5.582095276985408916e-11 6.342912268646702325e-11 5.769757703223017056e-11 4.581423572346245505e-11 3.588227375279433777e-11 -9.543058467321135869e-14 -4.040648612335201631e-11 -5.657280346781308185e-11 -8.555342761881270350e-11 -1.084653288354435579e-10 -7.963949478318910653e-11 0.000000000000000000e+00 0.000000000000000000e+00 8.718242543311144609e-11 2.242881911788794403e-10 1.756882742441800867e-10 2.135216942679002244e-11 1.998355456930709041e-11 1.844576408302624322e-11 0.000000000000000000e+00 -6.967615768742851716e-14 -2.795971067683333092e-11 -3.265926099763280305e-11 -3.726556755618539137e-11 -3.994112704203665084e-11 -3.898976649262319378e-11 0.000000000000000000e+00 5.180428199923815515e-11 5.409097983176491257e-11 4.793809252869413167e-11 3.914135471058838693e-11 3.168321395497374303e-11 0.000000000000000000e+00 -9.120450140634017862e-14 -3.781463987732255559e-11 -5.287584197874892201e-11 -8.444787592433844040e-11 -1.458934636727069486e-10 -1.132675194832156714e-10 0.000000000000000000e+00 1.268948077491402351e-10 8.161206246808872265e-10 1.268948077491402093e-10 2.777654871648932073e-13
0.000000000000000000e+00 0.000000000000000000e+00 0.000000000000000000e+00 0.000000000000000000e+00 0.000000000000000000e+00 2.424932155198223615e-11 2.332872566131326645e-11 2.182942092431200366e-11 -7.660458535613433333e-14 -3.116261750007305132e-11 -3.464665466496076081e-11 -3.625999477583576301e-11 -3.508658568242505688e-11 -3.181051076963706454e-11 0.000000000000000000e+00 0.000000000000000000e+00 4.584017699881018364e-11 5.772234678825278775e-11 6.342611461726666551e-11 5.579445463947565169e-11 4.393366117711223306e-11 -1.185809925315073752e-13 -5.314894243421760769e-11 -7.970906421456865193e-11 -1.084746640626080651e-10 -8.550330601267159033e-11 -5.650731149774453972e-11 0.000000000000000000e+00 0.000000000000000000e+00 5.219097883148637712e-11 8.724768318243822162e-11 2.246052010383502670e-10 2.232158566005646074e-11 2.135079867965193684e-11 1.998186970895165346e-11 0.000000000000000000e+00 -7.832967681027748241e-14 -3.184659574065632249e-11 -3.656886828077870605e-11 -3.972186163300660171e-11 -3.940591147013376320e-11 -3.584259276324684012e-11 0.000000000000000000e+00 4.503876604739457867e-11 5.279455229464516266e-11 5.354581820197114707e-11 4.647459758420304117e-11 3.773015026510624667e-11 0.000000000000000000e+00 -1.137987074008729260e-13 -4.962115455019718065e-11 -7.716932269071417721e-11 -1.361822424364234157e-10 -1.248780865797138219e-10 -7.097111847365508363e-11 0.000000000000000000e+00 6.344740387456885094e-11 1.268948077491402093e-10 8.161206246808667538e-10 6.731258780621684269e-13
1.065147996315566599e-11 1.563648397870929507e-11 -1.681673538362704903e-10 -1.014292148391174145e-10 1.189969890353557638e-11 7.710231840782362586e-14 7.566531161844399018e-14 7.219678845045585446e-14 1.775526848002750851e-11 -1.033164649301411864e-13 -1.109960681628805239e-13 -1.122329360951436241e-13 -1.063917020854064089e-13 -9.620809250571473609e-14 1.698746644988378484e-11 1.937343544804652341e-11 1.308761264056601433e-13 1.607336950821799800e-13 1.832866010464085173e-13 1.779944420662468499e-13 1.505916368794419794e-13 2.917662705238846399e-11 -1.926199526419879796e-13 -2.631321970249309456e-13 -2.809487240943711215e-13 -2.150102711590765078e-13 -5.195364761164164487e-14 2.490953206578926307e-11 2.656211515928998906e-11 1.488734152000009005e-13 2.272604747144388445e-13 4.799937623109175469e-13 7.175036360323871693e-14 6.984303509677277154e-14 6.644702641204864726e-14 1.447162564504157660e-11 1.643612890007870972e-11 -1.070772674966790844e-13 -1.185829463956997718e-13 -1.233289060493398272e-13 -1.185829463957019427e-13 -1.070772674966826816e-13 2.126292269000398433e-11 1.295920311020546705e-13 1.516851186473070893e-13 1.619744040755172685e-13 1.516101799045083396e-13 2.155078755676951477e-13 2.243176784184079850e-11 2.580361065912925246e-11 -1.864601614457956324e-13 -2.810631562550639270e-13 -3.703485860251896002e-13 -2.810631562550716010e-13 -1.864601614458019181e-13 3.234064647299669853e-11 1.703720148067628864e-13 2.777654871648932073e-13 6.731258780621684269e-13 6.075114055352296527e-10
