62
-10.026737892916 89.927877852089 0 10 0.02981823073605604
10.024627160413 89.927877852089 0 10 0.03568282818688611
-10.026737892916 499.791373687929 0 10 0.03897800370787224
10.024627160413 499.791373687929 0 10 0.03186203282790015
-10.026737892916 124.932803284172 0 10 0.05963646147211163
-10.026737892916 159.937728716254 0 10 0.06546071653786995
39.988390192082 159.937728716254 0 10 0.07128497160362871
90.00351827708 159.937728716254 0 10 0.07128497160362869
140.018646362078 159.937728716254 0 10 0.07132541649566519
139.848719539593 210.066141349576 0 10 0.07471626161723409
79.864551202093 210.066141349576 0 10 0.07806666184676647
19.880382864593 210.066141349576 0 10 0.0780666618467668
-40.103785472908 210.066141349576 0 10 0.07806666184676712
-100.087953810409 210.066141349576 0 10 0.07806666184676744
-160.072122147911 210.066141349576 0 10 0.07282122305577224
-160.072122147911 255.01178589708 0 10 0.06757578426477673
-160.072122147911 299.957430444584 0 10 0.07283227909081115
-100.053968445913 299.957430444584 0 10 0.07808877391684557
-40.035814743915 299.957430444584 0 10 0.07808877391684557
19.982338958083 299.957430444584 0 10 0.07808877391684556
80.00049266008099 299.957430444584 0 10 0.07808877391684524
140.018646362078 299.957430444584 0 10 0.07466678746514308
139.848719539593 349.915916255421 0 10 0.07466031136964274
79.850474003196 349.915916255421 0 10 0.07807582172584424
19.852228466799 349.915916255421 0 10 0.07807582172584424
-40.146017069598 349.915916255421 0 10 0.0780758217258449
-100.144262605997 349.915916255421 0 10 0.07805299507358163
-160.072122147911 350.085843077907 0 10 0.07280297634304721
-160.072122147911 395.031487625411 0 10 0.06757578426477671
-160.072122147911 439.977132172915 0 10 0.0694303779342027
-110.056994062913 439.977132172915 0 10 0.07128497160362905
-60.041865977914 439.977132172915 0 10 0.07128497160362905
-10.026737892916 439.977132172915 0 10 0.07462048950968658
10.024627160413 140.056290485411 0 10 0.07132531398870046
60.039755245411 140.056290485411 0 10 0.07128497160362871
110.054883330409 140.056290485411 0 10 0.07128497160362871
160.070011415407 140.056290485411 0 10 0.06946229848183424
160.070011415407 185.086898444158 0 10 0.06757587516196877
159.900084592921 229.947579580419 0 10 0.07278939340533211
99.915916255421 229.947579580419 0 10 0.07806666184676647
39.931747917921 229.947579580419 0 10 0.07806666184676647
-20.052420419579 229.947579580419 0 10 0.0780666618467668
-80.03658875708 229.947579580419 0 10 0.07806666184676744
-140.020757094582 229.947579580419 0 10 0.07465562839970361
-140.020757094582 279.906065391256 0 10 0.07467126307755124
-79.98852619368699 279.906065391256 0 10 0.07809793120246303
-19.956295292792 279.906065391256 0 10 0.07809793120246269
40.075935608102 279.906065391256 0 10 0.07809793120246269
100.108166508997 279.906065391256 0 10 0.07807511097175435
160.070011415407 280.075992213741 0 10 0.07284595805054271
160.070011415407 325.106600172488 0 10 0.06757587516196914
159.900084592921 369.96728130875 0 10 0.0727893934053325
99.915916255421 369.96728130875 0 10 0.07806666184676647
39.931747917921 369.96728130875 0 10 0.07806666184676647
-20.052420419579 369.96728130875 0 10 0.0780666618467668
-80.03658875708 369.96728130875 0 10 0.07806666184676744
-140.020757094582 369.96728130875 0 10 0.07465562839970324
-140.020757094582 419.925767119586 0 10 0.07124459495263874
-90.062271283746 419.925767119586 0 10 0.0712445949526391
-40.103785472909 419.925767119586 0 10 0.0712445949526391
9.854700337927 419.925767119586 0 10 0.06745640684735582
10.024627160413 459.823377406515 0 10 0.0636961421989366
