62 62
1.333497668002191406e+14 1.764667456966192578e+13 8.633116083002180176e+11 8.622803480537026367e+11 1.010828931660241211e+13 5.054144658301280273e+12 4.112501849408161621e+12 2.898046911544279785e+12 2.137040352199288818e+12 1.842120478438927490e+12 2.358217739384387207e+12 2.858045903878687988e+12 2.857096073617499512e+12 2.356617865412916016e+12 1.840849525701574219e+12 1.586131107551432617e+12 1.370833949802717041e+12 1.548458431958657715e+12 1.667777250693222656e+12 1.667777250693222656e+12 1.548458431958657715e+12 1.370833949802719971e+12 1.179096771645815430e+12 1.286293557108771484e+12 1.352085734299607178e+12 1.351943430671234375e+12 1.285926082574475098e+12 1.178185574714650635e+12 1.040697391276256226e+12 9.290750591751927490e+11 9.719243544895877686e+11 1.000666350415931396e+12 1.010828931660252930e+12 6.553810403827560547e+12 4.107157301149341309e+12 2.719235833229610840e+12 1.995380665811158691e+12 1.815443705608086670e+12 1.607025025716622803e+12 1.987585420723108887e+12 2.380111214751807617e+12 2.520619186438610352e+12 2.260282204815828125e+12 1.851982247186690430e+12 1.537125114346845947e+12 1.747781453305435303e+12 1.859990310594082764e+12 1.800951327143583984e+12 1.611338830303006104e+12 1.386922909210687256e+12 1.219109322078530762e+12 1.080221063122603638e+12 1.176142236894730469e+12 1.243897145253750488e+12 1.262727198973830322e+12 1.225810133725141113e+12 1.146076575505934570e+12 9.976347971091918945e+11 1.042039257907653564e+12 1.067822951971565918e+12 1.070308320261708008e+12 9.551918662774003906e+11
1.764667456966192578e+13 1.114332668426075781e+14 8.622803480537026367e+11 8.633116083002180176e+11 8.771207633667432617e+12 4.858790074037728516e+12 4.646463616009754883e+12 3.328940188739680664e+12 2.396515953391722656e+12 2.000421012904288330e+12 2.546281956249840332e+12 2.935411274603576660e+12 2.718143927923909180e+12 2.171247230595815186e+12 1.699149549189715088e+12 1.492774837295282959e+12 1.309213971143463623e+12 1.492189219398655762e+12 1.638807169820070801e+12 1.682824618436981445e+12 1.598338446715604248e+12 1.432528444986061523e+12 1.217620477272444824e+12 1.314405600217839355e+12 1.360014073975446777e+12 1.336331270323179199e+12 1.253121877002406006e+12 1.138372463392217529e+12 1.012953064628814819e+12 9.091745229025500488e+11 9.561352707423516846e+11 9.911684618867092285e+11 1.009174647550242920e+12 7.058669827864838867e+12 4.996876295800800781e+12 3.162449241110554688e+12 2.236696088015701660e+12 1.991486628632756592e+12 1.725162512380920166e+12 2.126556967125822754e+12 2.471328004732124023e+12 2.470713840958084473e+12 2.125383562791702637e+12 1.724118464060742432e+12 1.461632752098912842e+12 1.683157567987088867e+12 1.839760641793630371e+12 1.839655572971601807e+12 1.682916228014307861e+12 1.460827925730672852e+12 1.268392940932256348e+12 1.114022913353938965e+12 1.203074335900097412e+12 1.256391647114021729e+12 1.256310925802943604e+12 1.202861748040342529e+12 1.113741630792541504e+12 9.760879187703095703e+11 1.026092905869168823e+12 1.060087902993107300e+12 1.072248879068971680e+12 9.565942656772580566e+11
8.633116083002180176e+11 8.622803480537026367e+11 1.020127696854092812e+14 1.764667456966192578e+13 9.439291020943465576e+11 1.041153799610062866e+12 1.030059027034238647e+12 9.987887018083598633e+11 9.524563123313552246e+11 1.084748712334468018e+12 1.166441553528232666e+12 1.214839528062488281e+12 1.214766553323259033e+12 1.166247796741621826e+12 1.084489021634056763e+12 1.232430454492898193e+12 1.415957630293914062e+12 1.614403421490859375e+12 1.751035951617435547e+12 1.751035951617435547e+12 1.614403421490859375e+12 1.415957630293917480e+12 1.669403428486203857e+12 2.024735418943990723e+12 2.315331155429988770e+12 2.314616806875213867e+12 2.023303109288447021e+12 1.669402355501041992e+12 1.933573062372529297e+12 2.190576655245379395e+12 3.035961437879782715e+12 4.538178622728487305e+12 5.915646588693616211e+12 9.820880460418759766e+11 9.654697518106059570e+11 9.330044218190430908e+11 8.892183909290682373e+11 9.891215473809523926e+11 1.109598835711707520e+12 1.214353553386904785e+12 1.289365673434341309e+12 1.310372722355205566e+12 1.269254348903455322e+12 1.181344120066901855e+12 1.385234307531910645e+12 1.533453690052539062e+12 1.607563897425997070e+12 1.568987134826297119e+12 1.438810626065789795e+12 1.273433773785574951e+12 1.451240488458102051e+12 1.654660784164458984e+12 2.079911880516124268e+12 2.543693063347259277e+12 2.717442517712414062e+12 2.398946416166253906e+12 1.925982353192995850e+12 2.319229300171956543e+12 3.129464383645479004e+12 4.146172578460600098e+12 4.299233786139069336e+12 7.913094223944305664e+12
8.622803480537026367e+11 8.633116083002180176e+11 1.764667456966192578e+13 1.247959958024515156e+14 9.425815932143297119e+11 1.039346388753297485e+12 1.037130607540255371e+12 1.013468121793033813e+12 9.724439040891754150e+11 1.114518584497228027e+12 1.187286502446237305e+12 1.220588753101265137e+12 1.203414831628303711e+12 1.141624072201890869e+12 1.053199403644129395e+12 1.187075180729772949e+12 1.348350456296929199e+12 1.550931762449339355e+12 1.717595564157728027e+12 1.768475506557050781e+12 1.671172780457980713e+12 1.484260602794743652e+12 1.784501523690952637e+12 2.140035881404513916e+12 2.355833761083620117e+12 2.238787168186596680e+12 1.902259641739411133e+12 1.561561962242137939e+12 1.771247920589611328e+12 1.962429257922444092e+12 2.637561950309781738e+12 3.840858098716746582e+12 5.608880108566979492e+12 9.836124701087034912e+11 9.742413812319530029e+11 9.476576517913708496e+11 9.078103540694942627e+11 1.014903685889719360e+12 1.146330272631160645e+12 1.244064743074407715e+12 1.303296693831758789e+12 1.303206590721376465e+12 1.243829681282776611e+12 1.146023808222795166e+12 1.329219011476127686e+12 1.489249541198127197e+12 1.594449386869155762e+12 1.594380990764913574e+12 1.489082363768462891e+12 1.329920159670981689e+12 1.536570921447407959e+12 1.784501523690958740e+12 2.240806774437431641e+12 2.655970022527526367e+12 2.655207702307394043e+12 2.239434028400059082e+12 1.783346066791301270e+12 2.081694630397844482e+12 2.763370766717725098e+12 3.752514758658250488e+12 4.430431672341046875e+12 8.853081132269128906e+12
1.010828931660241211e+13 8.771207633667432617e+12 9.439291020943465576e+11 9.425815932143297119e+11 6.667488340011007031e+13 1.010828931660271094e+13 5.796093823088586914e+12 3.338796365601278320e+12 2.296550271755623535e+12 2.052830181785453857e+12 2.858000139631166504e+12 3.921371979298838867e+12 3.918919747401815430e+12 2.855153622958537598e+12 2.051071749205082275e+12 1.781847485958407471e+12 1.534851888664372559e+12 1.797774827244452637e+12 1.992581776167868164e+12 1.992581776167868164e+12 1.797774827244452637e+12 1.534851888664376953e+12 1.308902783105781738e+12 1.460511914271519775e+12 1.559051270213480713e+12 1.558833116867182617e+12 1.459974055247707520e+12 1.307762882142428711e+12 1.145197450585737305e+12 1.014011373160047241e+12 1.070479234237471436e+12 1.109251773043966309e+12 1.123143257400282471e+12 1.408863310860376758e+13 4.936377477119685547e+12 2.923566494792514160e+12 2.072053514212895752e+12 1.961199870655362305e+12 1.771343566809940430e+12 2.327315513070745605e+12 3.042670931179291504e+12 3.354178816017286621e+12 2.803535033710434570e+12 2.117376996339150879e+12 1.749301665185023193e+12 2.081002161504239990e+12 2.278559707166719727e+12 2.172515255864253174e+12 1.861119418726780273e+12 1.536948829382714844e+12 1.347021585828322266e+12 1.186627393618069336e+12 1.317501183811465576e+12 1.414932458369011719e+12 1.442834133605299316e+12 1.388480321085034912e+12 1.275644816619142578e+12 1.097636972525814331e+12 1.157635133209998535e+12 1.193299483793768066e+12 1.196770999408625000e+12 1.054694857505154419e+12
5.054144658301280273e+12 4.858790074037728516e+12 1.041153799610062866e+12 1.039346388753297485e+12 1.010828931660271094e+13 6.074259991865320312e+13 7.074657754994788086e+12 3.537328877497394043e+12 2.358219251664929688e+12 2.238977006723278809e+12 3.437883469618604980e+12 6.061806096774007812e+12 6.052759442334746094e+12 3.432932267410191406e+12 2.236696088015688477e+12 1.991996632332825439e+12 1.724118464060742432e+12 2.125618265463034180e+12 2.470959869047315918e+12 2.470959869047315918e+12 2.125618265463034180e+12 1.724118464060748779e+12 1.462268702304122314e+12 1.683623444476715820e+12 1.839912431797449707e+12 1.839553892840387939e+12 1.682799668421844482e+12 1.460827925730664551e+12 1.268718677556444824e+12 1.113741630792541504e+12 1.189903180781086670e+12 1.243853622831687256e+12 1.263536164575315186e+12 1.253106802605736719e+13 4.858264014832528320e+12 2.907086384160426270e+12 2.066161647104018799e+12 2.057856335233584229e+12 1.925304699629403320e+12 2.714725347156378418e+12 4.114075651064509277e+12 5.003104787375998047e+12 3.573819960982625000e+12 2.396515953391707520e+12 2.000313942959103760e+12 2.547850119652687988e+12 2.939393121546881836e+12 2.721629725695838379e+12 2.172715561253395752e+12 1.699149549189721191e+12 1.492402226808545654e+12 1.309732075159084473e+12 1.492586244448979736e+12 1.638986439386122070e+12 1.682798768819967041e+12 1.598260874420543701e+12 1.432528444986053467e+12 1.217302311613222900e+12 1.300746079364605225e+12 1.351968517831453369e+12 1.357023375388833008e+12 1.177287408447872070e+12
4.112501849408161621e+12 4.646463616009754883e+12 1.030059027034238647e+12 1.037130607540255371e+12 5.796093823088586914e+12 7.074657754994788086e+12 5.577969697677190625e+13 7.074657754994788086e+12 3.537328877497395020e+12 3.166748228681823242e+12 5.524053334936792969e+12 6.551254694313200195e+12 3.744890379880692383e+12 2.378343143773273926e+12 1.715627714180803711e+12 1.597454545300374512e+12 1.449023455772134521e+12 1.786765414335259521e+12 2.194025824480712402e+12 2.501665876039834473e+12 2.429810886223973633e+12 2.056250924704079834e+12 1.648644253516851074e+12 1.822834980009048584e+12 1.852154389193237061e+12 1.716108506257152832e+12 1.498879409866824463e+12 1.281990689926651367e+12 1.146240299789646484e+12 1.028125462352035889e+12 1.113741630792541504e+12 1.189903180781087646e+12 1.243853622831687256e+12 9.839906826626025391e+12 1.253106802605736914e+13 4.858264014832528320e+12 2.907086384160426270e+12 2.884088694806174805e+12 2.548303345960920898e+12 3.839584643712808594e+12 5.054143004129839844e+12 3.836516147735188477e+12 2.546508950573760742e+12 1.831998888023930908e+12 1.635700815051186035e+12 2.085497413532489746e+12 2.638410323314486816e+12 2.949443406215504883e+12 2.636869755733352539e+12 2.083113109633762695e+12 1.732754202462700195e+12 1.463057696290893066e+12 1.620058476463291992e+12 1.684714824834782715e+12 1.619827752360165527e+12 1.462717870214321533e+12 1.279179601934168945e+12 1.118956429420198486e+12 1.217196219382426758e+12 1.300666371496945312e+12 1.351934862450535156e+12 1.174070039767998047e+12
2.898046911544279785e+12 3.328940188739680664e+12 9.987887018083598633e+11 1.013468121793033813e+12 3.338796365601278320e+12 3.537328877497394043e+12 7.074657754994788086e+12 5.577969697677191406e+13 7.074657754994791992e+12 5.005352688355025391e+12 6.918572134824454102e+12 4.104962027647867188e+12 2.537757436269833984e+12 1.799887713586023438e+12 1.387333546340647705e+12 1.322575188349100586e+12 1.234583971700480225e+12 1.498899676211921387e+12 1.851683419095425049e+12 2.260209054157529785e+12 2.520648209230537598e+12 2.379806361562182617e+12 1.801551924573502441e+12 1.859874986510674316e+12 1.747215607441283447e+12 1.536538673815255127e+12 1.316419283959114746e+12 1.126318340610948486e+12 1.030911665308004028e+12 9.424515633325666504e+11 1.028125462352035889e+12 1.113741630792542969e+12 1.189903180781087646e+12 4.293498854369963867e+12 9.839906826626021484e+12 1.253106802605736914e+13 4.858264014832528320e+12 4.753151134945224609e+12 3.576712569808069336e+12 5.004234781792145508e+12 4.110928072223715820e+12 2.712736290620511719e+12 1.924207991851688721e+12 1.471620303102472168e+12 1.363916467453006104e+12 1.700648449917181152e+12 2.174295759595357666e+12 2.723040884659563965e+12 2.939037419733125977e+12 2.544194680228606934e+12 1.972176878791523438e+12 1.598519346133717773e+12 1.682841754478359375e+12 1.638787232054161133e+12 1.492255402300041992e+12 1.309386661685740479e+12 1.135973427071152588e+12 1.019305533413763306e+12 1.118842335359222168e+12 1.217090108686386719e+12 1.300586621905766602e+12 1.140067306768290527e+12
2.137040352199288818e+12 2.396515953391722656e+12 9.524563123313552246e+11 9.724439040891754150e+11 2.296550271755623535e+12 2.358219251664929688e+12 3.537328877497395020e+12 7.074657754994791992e+12 5.574806724458252344e+13 7.058629272800228516e+12 4.518850306181493164e+12 2.718143927923939453e+12 1.892518201285027832e+12 1.442574778879017334e+12 1.162995297659678223e+12 1.124046134307500732e+12 1.068520176099641479e+12 1.273164813184316406e+12 1.551315925374248291e+12 1.918564860830468750e+12 2.322687647937992188e+12 2.527072329150639160e+12 1.862528413458795166e+12 1.775605060930396729e+12 1.574073302713562988e+12 1.351449640968447998e+12 1.155513474064527100e+12 9.959983161664135742e+11 9.281941546027471924e+11 8.620592320303712158e+11 9.424515633325666504e+11 1.028125462352037598e+12 1.113741630792542969e+12 2.690683722789642578e+12 4.293498854369965820e+12 9.839906826626031250e+12 1.253106802605735938e+13 1.100103639013520508e+13 4.861901428592942383e+12 4.385603816833791016e+12 2.896945752582987793e+12 2.025280607658479492e+12 1.532281633961590332e+12 1.225810133725144531e+12 1.161445879753281494e+12 1.412024913284425781e+12 1.769545023039959473e+12 2.266112848703849121e+12 2.798640589255914062e+12 2.905087685307149902e+12 2.126677852797649414e+12 1.677217247902703125e+12 1.654819618090848389e+12 1.520857796552348877e+12 1.339926331156187988e+12 1.163187619096333252e+12 1.010828931660254150e+12 9.259911235933452148e+11 1.019195329532693970e+12 1.118728240312732666e+12 1.216983979549255615e+12 1.082581289176875488e+12
1.842120478438927490e+12 2.000421012904288330e+12 1.084748712334468018e+12 1.114518584497228027e+12 2.052830181785453857e+12 2.238977006723278809e+12 3.166748228681823242e+12 5.005352688355025391e+12 7.058629272800228516e+12 5.321805493184678906e+13 5.898888383059909180e+12 2.949444191529954590e+12 1.966296127686625488e+12 1.474722095764964844e+12 1.179777676611966064e+12 1.166749265313896729e+12 1.130110144375841553e+12 1.381157584338818359e+12 1.759572678645154297e+12 2.361642695047592773e+12 3.276540725733432129e+12 3.936302228187043945e+12 2.530142890911439453e+12 2.325191085379819824e+12 1.920177658843041016e+12 1.552346603776667969e+12 1.273872416376432617e+12 1.069017259325520630e+12 1.004171208552673096e+12 9.363217593660605469e+11 1.042004755821370605e+12 1.161440620392041992e+12 1.289278428710591553e+12 2.398946416166232422e+12 3.332947598077278320e+12 4.650536948482270508e+12 4.855658281850027344e+12 1.100995170564005273e+13 1.253106802605766992e+13 7.932154319259984375e+12 3.473248926724157715e+12 2.195957748285272705e+12 1.602664375036821533e+12 1.261125251245927490e+12 1.226685724805624512e+12 1.534003655962600830e+12 2.028901998332636475e+12 2.905385009437809082e+12 4.403458397320179688e+12 4.855658281850024414e+12 3.029343864213043945e+12 2.195670845397149170e+12 2.146930209596768066e+12 1.876619269444468262e+12 1.564733075371765625e+12 1.301463347624577148e+12 1.097763718058085815e+12 1.011516365196198242e+12 1.136696830751714600e+12 1.279947136526367676e+12 1.433366830701192871e+12 1.257053748695001709e+12
2.358217739384387207e+12 2.546281956249840332e+12 1.166441553528232666e+12 1.187286502446237305e+12 2.858000139631166504e+12 3.437883469618604980e+12 5.524053334936792969e+12 6.918572134824454102e+12 4.518850306181493164e+12 5.898888383059909180e+12 5.093408659964235938e+13 5.898888383059909180e+12 2.949444191529929688e+12 1.966296127686614258e+12 1.474722095764952393e+12 1.449509796144326660e+12 1.380986033461482422e+12 1.759306706416936279e+12 2.361214184411027832e+12 3.275969265581045410e+12 3.936304760098210449e+12 3.271396695740188477e+12 2.325275884219583496e+12 2.530142878093329102e+12 2.325106275921633301e+12 1.920082140131329102e+12 1.552270900668315186e+12 1.273702943040075195e+12 1.167961607127499512e+12 1.064794742072935303e+12 1.186545751041373047e+12 1.314737274587093506e+12 1.433366830701190674e+12 3.578159749694822754e+12 4.862933982007763672e+12 4.641013256061144531e+12 3.323606221832160156e+12 4.212117743986165527e+12 4.290636945281311523e+12 1.253106802605766602e+13 7.932154319259980469e+12 3.473248926724157715e+12 2.195957748285258545e+12 1.602664375036807129e+12 1.533699082639604004e+12 2.028389765144312012e+12 2.904445912461218750e+12 4.402155594588839844e+12 4.866144026562111328e+12 3.323606221832158691e+12 2.523104855219241211e+12 1.978827420922349609e+12 2.195670845397149170e+12 2.146930209596768066e+12 1.876619269444468262e+12 1.564733075371760498e+12 1.301463347624569580e+12 1.164106998405861084e+12 1.310372722355198486e+12 1.463780654014709717e+12 1.599425457460810059e+12 1.364395758696889404e+12
2.858045903878687988e+12 2.935411274603576660e+12 1.214839528062488281e+12 1.220588753101265137e+12 3.921371979298838867e+12 6.061806096774007812e+12 6.551254694313200195e+12 4.104962027647867188e+12 2.718143927923939453e+12 2.949444191529954590e+12 5.898888383059909180e+12 5.093408659964213281e+13 5.898888383059809570e+12 2.949444191529904785e+12 1.966296127686592773e+12 1.907693359553035400e+12 1.759040804552289551e+12 2.360785785566474121e+12 3.275397780166554688e+12 3.936306729365829102e+12 3.271968351055376465e+12 2.358217739384421875e+12 1.920368705412910645e+12 2.325360672436084473e+12 2.530142839638999512e+12 2.325021455849862305e+12 1.919986624470380127e+12 1.551863459364614502e+12 1.371152427928143311e+12 1.211937119161722900e+12 1.339853069951745117e+12 1.453700687967125488e+12 1.526171884439159668e+12 5.004795247623051758e+12 4.384073193396783691e+12 3.099471348497108398e+12 2.258089618997220703e+12 2.484871629446271484e+12 2.501976707721396484e+12 4.290636945281310547e+12 1.253106802605766602e+13 7.932154319259980469e+12 3.473248926724123535e+12 2.195957748285232422e+12 2.027877765867977539e+12 2.903507273903233398e+12 4.400852374938264648e+12 4.867038649717291016e+12 3.326569327296511230e+12 2.258089618997220215e+12 1.951155093391611328e+12 1.664803838864282959e+12 1.978827420922349609e+12 2.195670845397149170e+12 2.146930209596768066e+12 1.876619269444463135e+12 1.564733075371750732e+12 1.341135812402127197e+12 1.493534630281169922e+12 1.621155818513825928e+12 1.684158257429214600e+12 1.415633602362032715e+12
2.857096073617499512e+12 2.718143927923909180e+12 1.214766553323259033e+12 1.203414831628303711e+12 3.918919747401815430e+12 6.052759442334746094e+12 3.744890379880692383e+12 2.537757436269833984e+12 1.892518201285027832e+12 1.966296127686625488e+12 2.949444191529929688e+12 5.898888383059809570e+12 5.093408659964192969e+13 5.898888383059809570e+12 2.949444191529881348e+12 2.761972066922944824e+12 2.360357498500646484e+12 3.274826269738182129e+12 3.936308135987365723e+12 3.272539982839999023e+12 2.358645467757339355e+12 1.757712349884738770e+12 1.552573744033933350e+12 1.920464233268117188e+12 2.325445450024477051e+12 2.530142775548455078e+12 2.324936625169340332e+12 1.919025100071673584e+12 1.604974801097478516e+12 1.364444717226184326e+12 1.472384949103117676e+12 1.533275300923674316e+12 1.526027206095376221e+12 4.109354322188956543e+12 2.895845225585530762e+12 2.135716077960052734e+12 1.668556414457993652e+12 1.754059158877578857e+12 1.760488663967209229e+12 2.501976707721378418e+12 4.290636945281261230e+12 1.253106802605734961e+13 7.932154319259980469e+12 3.473248926724090332e+12 2.902569093607334473e+12 4.399548740847096680e+12 4.867931638168473633e+12 3.327703292512169434e+12 2.258894936058208984e+12 1.668556414457993652e+12 1.532595360446398193e+12 1.381829579636623535e+12 1.664803838864277832e+12 1.978827420922344971e+12 2.195670845397147217e+12 2.146930209596768066e+12 1.876619269444458008e+12 1.522339752552257324e+12 1.640242405851614502e+12 1.686079027708598145e+12 1.640242405851619629e+12 1.389033748821957764e+12
2.356617865412916016e+12 2.171247230595815186e+12 1.166247796741621826e+12 1.141624072201890869e+12 2.855153622958537598e+12 3.432932267410191406e+12 2.378343143773273926e+12 1.799887713586023438e+12 1.442574778879017334e+12 1.474722095764964844e+12 1.966296127686614258e+12 2.949444191529904785e+12 5.898888383059809570e+12 5.093408659964171875e+13 5.898888383059712891e+12 4.720714997001268555e+12 3.274254734543834473e+12 3.936308979961012207e+12 3.273111590847536621e+12 2.359073307841978027e+12 1.757977900273461182e+12 1.380128873139027100e+12 1.274095569050209961e+12 1.552649467764107178e+12 1.920559764168213135e+12 2.325530216979927246e+12 2.530142685821699707e+12 2.322891759506542480e+12 1.819708715237479492e+12 1.489180328331306885e+12 1.537585257639325928e+12 1.516201862931889404e+12 1.433007342333710449e+12 2.711742634001344238e+12 2.024679186308101074e+12 1.597485375179580811e+12 1.313371928324629395e+12 1.353870053538785889e+12 1.357023375388843750e+12 1.760488663967200195e+12 2.501976707721361328e+12 4.290636945281208984e+12 1.253106802605735547e+13 7.932154319259823242e+12 4.398244694790204102e+12 4.868822988853396484e+12 3.328837737583006348e+12 2.259515477667566406e+12 1.668831538126229004e+12 1.313371928324629150e+12 1.243908242352888184e+12 1.159276569560478027e+12 1.381829579636619141e+12 1.664803838864272705e+12 1.978827420922339844e+12 2.195670845397147217e+12 2.146930209596764648e+12 1.656359121320965332e+12 1.684158257429215576e+12 1.621155818513829590e+12 1.493534630281178711e+12 1.296339059708434570e+12
1.840849525701574219e+12 1.699149549189715088e+12 1.084489021634056763e+12 1.053199403644129395e+12 2.051071749205082275e+12 2.236696088015688477e+12 1.715627714180803711e+12 1.387333546340647705e+12 1.162995297659678223e+12 1.179777676611966064e+12 1.474722095764952393e+12 1.966296127686592773e+12 2.949444191529881348e+12 5.898888383059712891e+12 5.460295705282058594e+13 7.872618522571366211e+12 3.936309261285681641e+12 3.273683174831170410e+12 2.359501259651781738e+12 1.758243520911791992e+12 1.380300226036704834e+12 1.129522923247815186e+12 1.069249356260070801e+12 1.274151367359961426e+12 1.552725196649989258e+12 1.920655298111717529e+12 2.325614973297600586e+12 2.527072329150621582e+12 1.913006522021236328e+12 1.539030006814573242e+12 1.503856916610533203e+12 1.411243518782402832e+12 1.288842470589186279e+12 1.923660066683525146e+12 1.531923555525406250e+12 1.268007416380810303e+12 1.079742304546423218e+12 1.101909700766541992e+12 1.103717244801668945e+12 1.357023375388833252e+12 1.760488663967182617e+12 2.501976707721326172e+12 4.290636945281159668e+12 1.253106802605735547e+13 4.869712698712219727e+12 3.329972662399318359e+12 2.260136317953416992e+12 1.669188789366127930e+12 1.313481853323697510e+12 1.079742304546423218e+12 1.040142103339937012e+12 9.892035769795329590e+11 1.159276569560471436e+12 1.381829579636610840e+12 1.664803838864262451e+12 1.978827420922334717e+12 2.195670845397147217e+12 1.678435095137521484e+12 1.599425457460812500e+12 1.463780654014709717e+12 1.310372722355201660e+12 1.170964932263998535e+12
1.586131107551432617e+12 1.492774837295282959e+12 1.232430454492898193e+12 1.187075180729772949e+12 1.781847485958407471e+12 1.991996632332825439e+12 1.597454545300374512e+12 1.322575188349100586e+12 1.124046134307500732e+12 1.166749265313896729e+12 1.449509796144326660e+12 1.907693359553035400e+12 2.761972066922944824e+12 4.720714997001268555e+12 7.872618522571366211e+12 5.884140536894642969e+13 7.872618522571360352e+12 4.719002519303563477e+12 2.760600452073409668e+12 1.906676505055995361e+12 1.448716811288450195e+12 1.166103091043534424e+12 1.124808272480667969e+12 1.371414372067609619e+12 1.739457633061367920e+12 2.313664555907629395e+12 3.152488896609693848e+12 3.721729399857203125e+12 2.527072329150621582e+12 1.913006522021236328e+12 1.846684858513342529e+12 1.682697835690109375e+12 1.485650038709644775e+12 1.723534712896897217e+12 1.424921561748024414e+12 1.205299834734039307e+12 1.040229933067310425e+12 1.079802078262811035e+12 1.102468591806690674e+12 1.354704627627370850e+12 1.755434699655229736e+12 2.487532887556434570e+12 4.218991918186901855e+12 1.102379020947247852e+13 1.106949002711711523e+13 4.219229927530235352e+12 2.486400230971627930e+12 1.754372639401777832e+12 1.353796938105366211e+12 1.101886983287900146e+12 1.079682468188593018e+12 1.040719227452166870e+12 1.244738647900342041e+12 1.533855421196952148e+12 1.953150283985704102e+12 2.526110305603678223e+12 3.032277348849626953e+12 2.129916987250794434e+12 1.975003325953716309e+12 1.735071840495135498e+12 1.494289620865935547e+12 1.329054669585901123e+12
1.370833949802717041e+12 1.309213971143463623e+12 1.415957630293914062e+12 1.348350456296929199e+12 1.534851888664372559e+12 1.724118464060742432e+12 1.449023455772134521e+12 1.234583971700480225e+12 1.068520176099641479e+12 1.130110144375841553e+12 1.380986033461482422e+12 1.759040804552289551e+12 2.360357498500646484e+12 3.274254734543834473e+12 3.936309261285681641e+12 7.872618522571360352e+12 5.459466825266300781e+13 5.895548129162286133e+12 2.947774064581142090e+12 1.965182709720761230e+12 1.473887032290571045e+12 1.179109625832460693e+12 1.163743346897297607e+12 1.443839264134113770e+12 1.894913660903553467e+12 2.723609075956374512e+12 4.535217115835045898e+12 7.058669827864704102e+12 3.721729399857204590e+12 2.527072329150622070e+12 2.379806361562168945e+12 2.056250924704063721e+12 1.724118464060737061e+12 1.515665882233588867e+12 1.300586621905767578e+12 1.127216171388488281e+12 9.887833769305355225e+11 1.040317720132021484e+12 1.080289529973884521e+12 1.314172321937441406e+12 1.669819366034254639e+12 2.260282204815795898e+12 3.327605706036444336e+12 4.858790074037725586e+12 1.247808325360045703e+13 4.286076166203619629e+12 2.499870679547112305e+12 1.759085270976473877e+12 1.355958913371078369e+12 1.103133658905518555e+12 1.101864190082280029e+12 1.080289529973883789e+12 1.314172321937440186e+12 1.669819366034252441e+12 2.260282204815789062e+12 3.327605706036424805e+12 4.858790074037664062e+12 2.909090791182172363e+12 2.547405886080155273e+12 2.085571988562070557e+12 1.701084098334407227e+12 1.515822385737562744e+12
1.548458431958657715e+12 1.492189219398655762e+12 1.614403421490859375e+12 1.550931762449339355e+12 1.797774827244452637e+12 2.125618265463034180e+12 1.786765414335259521e+12 1.498899676211921387e+12 1.273164813184316406e+12 1.381157584338818359e+12 1.759306706416936279e+12 2.360785785566474121e+12 3.274826269738182129e+12 3.936308979961012207e+12 3.273683174831170410e+12 4.719002519303563477e+12 5.895548129162286133e+12 5.091966380830098438e+13 5.895548129162283203e+12 2.947774064581141602e+12 1.965182709720761230e+12 1.473887032290577148e+12 1.443954100407674316e+12 1.895108339731878906e+12 2.723994396138247559e+12 4.536106104362352539e+12 7.082667340672014648e+12 4.524882360589127930e+12 3.147108546832709961e+12 2.322687647937973633e+12 2.520648209230520508e+12 2.429810886223958984e+12 2.125618265463024170e+12 1.822714673868838623e+12 1.563791082877314453e+12 1.340128659828566650e+12 1.158836907254734375e+12 1.244344673663593262e+12 1.314332513494543457e+12 1.670072171749968750e+12 2.260721169143303711e+12 3.328406316407513672e+12 4.859413984235026367e+12 4.389275022810965820e+12 7.913285245242105469e+12 1.247370386051847266e+13 4.285367313101087402e+12 2.499624586065300293e+12 1.758962785506427979e+12 1.356318311305456299e+12 1.353960878886830078e+12 1.314332513494542480e+12 1.670072171749966064e+12 2.260721169143297852e+12 3.328406316407494141e+12 4.859413984234964844e+12 4.389275022810919922e+12 2.798246943516356445e+12 2.939267579896739746e+12 2.638361980009744629e+12 2.174757518091696045e+12 1.822986881143811523e+12
1.667777250693222656e+12 1.638807169820070801e+12 1.751035951617435547e+12 1.717595564157728027e+12 1.992581776167868164e+12 2.470959869047315918e+12 2.194025824480712402e+12 1.851683419095425049e+12 1.551315925374248291e+12 1.759572678645154297e+12 2.361214184411027832e+12 3.275397780166554688e+12 3.936308135987365723e+12 3.273111590847536621e+12 2.359501259651781738e+12 2.760600452073409668e+12 2.947774064581142090e+12 5.895548129162283203e+12 5.091966380830098438e+13 5.895548129162284180e+12 2.947774064581142090e+12 1.965182709720772705e+12 1.895303057023163086e+12 2.724379815894312988e+12 4.536995320236927734e+12 7.082661677178796875e+12 4.527163426737500977e+12 2.720109934218225098e+12 2.310765363618346680e+12 1.918564860830455078e+12 2.260209054157511719e+12 2.501665876039818359e+12 2.470959869047300293e+12 2.111793289654664795e+12 1.875782690541413330e+12 1.613445061989219238e+12 1.381399934900431396e+12 1.533549025954799805e+12 1.670325049332003906e+12 2.261160282670172363e+12 3.329207164526525391e+12 4.860037075856999023e+12 4.388357526456364258e+12 2.898928293897659180e+12 3.469844977218181641e+12 7.915512547503985352e+12 1.246932600661286719e+13 4.284658687084032227e+12 2.499378540534924316e+12 1.759600445993950439e+12 1.754462087314758545e+12 1.670325049332001221e+12 2.261160282670166504e+12 3.329207164526504883e+12 4.860037075856938477e+12 4.388357526456319824e+12 2.898928293897646484e+12 2.265720566549881348e+12 2.722244339977089844e+12 2.949443718138179199e+12 2.723339281236983398e+12 2.112216670479142090e+12
1.667777250693222656e+12 1.682824618436981445e+12 1.751035951617435547e+12 1.768475506557050781e+12 1.992581776167868164e+12 2.470959869047315918e+12 2.501665876039834473e+12 2.260209054157529785e+12 1.918564860830468750e+12 2.361642695047592773e+12 3.275969265581045410e+12 3.936306729365829102e+12 3.272539982839999023e+12 2.359073307841978027e+12 1.758243520911791992e+12 1.906676505055995361e+12 1.965182709720761230e+12 2.947774064581141602e+12 5.895548129162284180e+12 5.091966380830099219e+13 5.895548129162284180e+12 2.947774064581167480e+12 2.724765335258804199e+12 4.537884763449768555e+12 7.082654888997874023e+12 4.526276728303468750e+12 2.719734033741327148e+12 1.893181245544857666e+12 1.737797057195125000e+12 1.551315925374238770e+12 1.851683419095411377e+12 2.194025824480701660e+12 2.470959869047300293e+12 2.208588347176624512e+12 2.146536395835039062e+12 1.928019887040877686e+12 1.664453123504301025e+12 1.953164795799929932e+12 2.261599545458486816e+12 3.330008250351961426e+12 4.860659347835525391e+12 4.387439826098868652e+12 2.898267219194532715e+12 2.026002739926174072e+12 2.194293374569046387e+12 3.470314682048201172e+12 7.917740945900612305e+12 1.246494969349205859e+13 4.283950288047002930e+12 2.500786719408631836e+12 2.486101542021024902e+12 2.261599545458480957e+12 3.330008250351941406e+12 4.860659347835464844e+12 4.387439826098822754e+12 2.898267219194519531e+12 2.026002739926169922e+12 1.769345710672569580e+12 2.173530351467183594e+12 2.637165986917676758e+12 2.938990262041711426e+12 2.209072668449434082e+12
1.548458431958657715e+12 1.598338446715604248e+12 1.614403421490859375e+12 1.671172780457980713e+12 1.797774827244452637e+12 2.125618265463034180e+12 2.429810886223973633e+12 2.520648209230537598e+12 2.322687647937992188e+12 3.276540725733432129e+12 3.936304760098210449e+12 3.271968351055376465e+12 2.358645467757339355e+12 1.757977900273461182e+12 1.380300226036704834e+12 1.448716811288450195e+12 1.473887032290571045e+12 1.965182709720761230e+12 2.947774064581142090e+12 5.895548129162284180e+12 5.091966380830120312e+13 5.895548129162384766e+12 4.538774433991819336e+12 7.082646976138946289e+12 4.525390257305546875e+12 2.719349813668357422e+12 1.892760925309977539e+12 1.442770462744196045e+12 1.370341376795438232e+12 1.273164813184310547e+12 1.498899676211912598e+12 1.786765414335253662e+12 2.125618265463024170e+12 2.027245082315306152e+12 2.195824150139126221e+12 2.174785299175066895e+12 1.978659067609982910e+12 2.527017544747295410e+12 3.330809573842036621e+12 4.861280799103117188e+12 4.386521922603348633e+12 2.897606372107871094e+12 2.025641615591348877e+12 1.532496557317334961e+12 1.601570846416419434e+12 2.194483461558477051e+12 3.470784511502224609e+12 7.919970441090814453e+12 1.246057492275619336e+13 4.288921574009159668e+12 4.216083600378638672e+12 3.330809573842016602e+12 4.861280799103056641e+12 4.386521922603303711e+12 2.897606372107858398e+12 2.025641615591343750e+12 1.532496557317333252e+12 1.411955274963896240e+12 1.700176270510330566e+12 2.084390696300974121e+12 2.546149011885780273e+12 2.027619611345014648e+12
1.370833949802719971e+12 1.432528444986061523e+12 1.415957630293917480e+12 1.484260602794743652e+12 1.534851888664376953e+12 1.724118464060748779e+12 2.056250924704079834e+12 2.379806361562182617e+12 2.527072329150639160e+12 3.936302228187043945e+12 3.271396695740188477e+12 2.358217739384421875e+12 1.757712349884738770e+12 1.380128873139027100e+12 1.129522923247815186e+12 1.166103091043534424e+12 1.179109625832460693e+12 1.473887032290577148e+12 1.965182709720772705e+12 2.947774064581167480e+12 5.895548129162384766e+12 5.325331717136546875e+13 7.082637938613320312e+12 4.524504013751042969e+12 2.718965692757333496e+12 1.892566709911722168e+12 1.442454476148604492e+12 1.162995297659677490e+12 1.124046134307500000e+12 1.068520176099640015e+12 1.234583971700478027e+12 1.449023455772136475e+12 1.724118464060743652e+12 1.717046086173225098e+12 1.979107946381215820e+12 2.175008767389747803e+12 2.195670845397161377e+12 3.034453863913394043e+12 4.861901428592942383e+12 4.385603816833791016e+12 2.896945752582987793e+12 2.025280607658479492e+12 1.532281633961590332e+12 1.225810133725144531e+12 1.260309593219304688e+12 1.601672479041051758e+12 2.194673581225720703e+12 3.471254465628796387e+12 7.922201033734362305e+12 1.253106802605734375e+13 1.100103639013522266e+13 4.861901428592880859e+12 4.385603816833745605e+12 2.896945752582975098e+12 2.025280607658475342e+12 1.532281633961588623e+12 1.225810133725143311e+12 1.161445879753281494e+12 1.363652475070788818e+12 1.634988263975091797e+12 1.998902413223333740e+12 1.717273637074780762e+12
1.179096771645815430e+12 1.217620477272444824e+12 1.669403428486203857e+12 1.784501523690952637e+12 1.308902783105781738e+12 1.462268702304122314e+12 1.648644253516851074e+12 1.801551924573502441e+12 1.862528413458795166e+12 2.530142890911439453e+12 2.325275884219583496e+12 1.920368705412910645e+12 1.552573744033933350e+12 1.274095569050209961e+12 1.069249356260070801e+12 1.124808272480667969e+12 1.163743346897297607e+12 1.443954100407674316e+12 1.895303057023163086e+12 2.724765335258804199e+12 4.538774433991819336e+12 7.082637938613320312e+12 5.325793640695910938e+13 5.897504345505191406e+12 2.948752172752595703e+12 1.965834781835063965e+12 1.474376086376285400e+12 1.179777487255275635e+12 1.166652206602788574e+12 1.129933931787268555e+12 1.332034792295048340e+12 1.613920349534578125e+12 2.023638790523096680e+12 1.433886342998940186e+12 1.575963571499022461e+12 1.669339708676556396e+12 1.678305886339540527e+12 2.130734454399236572e+12 2.909090791182175781e+12 2.798484576264145996e+12 2.266351953776370117e+12 1.770067637816367920e+12 1.412628006581672363e+12 1.162041633304143311e+12 1.226510584143284180e+12 1.533661192846943359e+12 2.028109845685020996e+12 2.903060294759714844e+12 4.395377399477484863e+12 4.866559751795562500e+12 1.105532310974200195e+13 1.247808325360046094e+13 7.918664299944480469e+12 3.472114065038078125e+12 2.195670845397175049e+12 1.602552835070660156e+12 1.261070901854184570e+12 1.226510584143284180e+12 1.472283900603210938e+12 1.832499737204732178e+12 2.396515953391708008e+12 2.080189955045761230e+12
1.286293557108771484e+12 1.314405600217839355e+12 2.024735418943990723e+12 2.140035881404513916e+12 1.460511914271519775e+12 1.683623444476715820e+12 1.822834980009048584e+12 1.859874986510674316e+12 1.775605060930396729e+12 2.325191085379819824e+12 2.530142878093329102e+12 2.325360672436084473e+12 1.920464233268117188e+12 1.552649467764107178e+12 1.274151367359961426e+12 1.371414372067609619e+12 1.443839264134113770e+12 1.895108339731878906e+12 2.724379815894312988e+12 4.537884763449768555e+12 7.082646976138946289e+12 4.524504013751042969e+12 5.897504345505191406e+12 5.092811099715907812e+13 5.897504345505191406e+12 2.948752172752595703e+12 1.965834781835041992e+12 1.474808253586941406e+12 1.449405833981375244e+12 1.380735529301027344e+12 1.683504453579845947e+12 2.126751758135809326e+12 2.780978745959875000e+12 1.599846053351793945e+12 1.678616262310825439e+12 1.668882261390885986e+12 1.574937545285470459e+12 1.930246433557497559e+12 2.453418202537193848e+12 2.909035270043295898e+12 2.798582965481157227e+12 2.266482730642775879e+12 1.770167348416356934e+12 1.412697701400331299e+12 1.533445959287233887e+12 2.027748041932425293e+12 2.902397797896343750e+12 4.394461283250783203e+12 4.854984764403168945e+12 3.326763850862008789e+12 4.213969916388274414e+12 4.287788425508711426e+12 1.247370386051847852e+13 7.920894249634762695e+12 3.472584372054911621e+12 2.195861169249244873e+12 1.602654591849256836e+12 1.533445959287233887e+12 1.925441060919857666e+12 2.547628881133463379e+12 3.574179281153388184e+12 2.717403280543779785e+12
1.352085734299607178e+12 1.360014073975446777e+12 2.315331155429988770e+12 2.355833761083620117e+12 1.559051270213480713e+12 1.839912431797449707e+12 1.852154389193237061e+12 1.747215607441283447e+12 1.574073302713562988e+12 1.920177658843041016e+12 2.325106275921633301e+12 2.530142839638999512e+12 2.325445450024477051e+12 1.920559764168213135e+12 1.552725196649989258e+12 1.739457633061367920e+12 1.894913660903553467e+12 2.723994396138247559e+12 4.536995320236927734e+12 7.082654888997874023e+12 4.525390257305546875e+12 2.718965692757333496e+12 2.948752172752595703e+12 5.897504345505191406e+12 5.092811099715907812e+13 5.897504345505190430e+12 2.948752172752546387e+12 1.966602934843368652e+12 1.907549986861362793e+12 1.758596540136665527e+12 2.238442982254775879e+12 2.939079675769548340e+12 3.729018155637499512e+12 1.684233283073589600e+12 1.655988879073429932e+12 1.549047902757618896e+12 1.401941793162172607e+12 1.635108021537073975e+12 1.918802599137223633e+12 2.453285285861798828e+12 2.908979713121250977e+12 2.798681330380428711e+12 2.266613511719606934e+12 1.770267067087964355e+12 2.027386354868169189e+12 2.901735528989333496e+12 4.393544957239980469e+12 4.855613621263402344e+12 3.322419295946967285e+12 2.258819672044314941e+12 2.484906292836718262e+12 2.501059599162602539e+12 4.287079023738901367e+12 1.246932600661286914e+13 7.923125297051257812e+12 3.473054803930336426e+12 2.196051525839710938e+12 2.027386354868169189e+12 2.715220044523575684e+12 3.838812856150258301e+12 5.003386750187092773e+12 3.206641195095297852e+12
1.351943430671234375e+12 1.336331270323179199e+12 2.314616806875213867e+12 2.238787168186596680e+12 1.558833116867182617e+12 1.839553892840387939e+12 1.716108506257152832e+12 1.536538673815255127e+12 1.351449640968447998e+12 1.552346603776667969e+12 1.920082140131329102e+12 2.325021455849862305e+12 2.530142775548455078e+12 2.325530216979927246e+12 1.920655298111717529e+12 2.313664555907629395e+12 2.723609075956374512e+12 4.536106104362352539e+12 7.082661677178796875e+12 4.526276728303468750e+12 2.719349813668357422e+12 1.892566709911722168e+12 1.965834781835063965e+12 2.948752172752595703e+12 5.897504345505190430e+12 5.092811099715864062e+13 5.897504345504996094e+12 2.950479867105093750e+12 2.761536927833909180e+12 2.359284407632670898e+12 3.103552359650997070e+12 3.836383270248538086e+12 3.726035973765507324e+12 1.639868163848047607e+12 1.521582483147914795e+12 1.371087682718651367e+12 1.219938045893462891e+12 1.364408222679343262e+12 1.516924923149096924e+12 1.918691360918898926e+12 2.453152367420358398e+12 2.908924120422432617e+12 2.798779670952799805e+12 2.266744297003824219e+12 2.901073487984446289e+12 4.392628422316142578e+12 4.856241666046582031e+12 3.323218363468447266e+12 2.257257633517005859e+12 1.668683601878698242e+12 1.753877100432381104e+12 1.759972896108484375e+12 2.500813273955401367e+12 4.286369849309112793e+12 1.246494969349175195e+13 7.925357442853554688e+12 3.473525360713016602e+12 2.901073487984446289e+12 4.115249067373482422e+12 5.054143738753602539e+12 4.112902246866927734e+12 2.928726598124150879e+12
1.285926082574475098e+12 1.253121877002406006e+12 2.023303109288447021e+12 1.902259641739411133e+12 1.459974055247707520e+12 1.682799668421844482e+12 1.498879409866824463e+12 1.316419283959114746e+12 1.155513474064527100e+12 1.273872416376432617e+12 1.552270900668315186e+12 1.919986624470380127e+12 2.324936625169340332e+12 2.530142685821699707e+12 2.325614973297600586e+12 3.152488896609693848e+12 4.535217115835045898e+12 7.082667340672014648e+12 4.527163426737500977e+12 2.719734033741327148e+12 1.892760925309977539e+12 1.442454476148604492e+12 1.474376086376285400e+12 1.965834781835041992e+12 2.948752172752546387e+12 5.897504345504996094e+12 5.094300495835848438e+13 5.904407299321721680e+12 4.717126294577972656e+12 3.270919756923139648e+12 3.905297808188228027e+12 3.589145018916289551e+12 2.777270940954859863e+12 1.492872540030352539e+12 1.340264416015748047e+12 1.191273876934073242e+12 1.058468984378258057e+12 1.148733573736302734e+12 1.235546078326909912e+12 1.516846416484993164e+12 1.918580130866804199e+12 2.453019447218396973e+12 2.908868491953233887e+12 2.798877987189135254e+12 4.391711679349531738e+12 4.856868897680740234e+12 3.324017668999916992e+12 2.257695570134477539e+12 1.667972600928139893e+12 1.313321833456049072e+12 1.353663558773592529e+12 1.356663569489078613e+12 1.759850287621492188e+12 2.500566996766643555e+12 4.285660902113747559e+12 1.246057492275558203e+13 7.927590687702040039e+12 4.391711679349531738e+12 5.002538626952297852e+12 3.836525178244798828e+12 2.713736383479507812e+12 2.273778394722711426e+12
1.178185574714650635e+12 1.138372463392217529e+12 1.669402355501041992e+12 1.561561962242137939e+12 1.307762882142428711e+12 1.460827925730664551e+12 1.281990689926651367e+12 1.126318340610948486e+12 9.959983161664135742e+11 1.069017259325520630e+12 1.273702943040075195e+12 1.551863459364614502e+12 1.919025100071673584e+12 2.322891759506542480e+12 2.527072329150621582e+12 3.721729399857203125e+12 7.058669827864704102e+12 4.524882360589127930e+12 2.720109934218225098e+12 1.893181245544857666e+12 1.442770462744196045e+12 1.162995297659677490e+12 1.179777487255275635e+12 1.474808253586941406e+12 1.966602934843368652e+12 2.950479867105093750e+12 5.904407299321721680e+12 5.461664226902088281e+13 7.872618522571366211e+12 3.936309261285683105e+12 3.439725820875585938e+12 2.631053033499922852e+12 2.022964469332967041e+12 1.309213971143459717e+12 1.163030952574833984e+12 1.034102496559181641e+12 9.241336862029387207e+11 9.824504445225223389e+11 1.035277419300807251e+12 1.235459328152775146e+12 1.516591796885856934e+12 1.917874634347688965e+12 2.451148031392198242e+12 2.905087685307127930e+12 4.847914341415535156e+12 3.322977636392156738e+12 2.257945483704484375e+12 1.668305691034705811e+12 1.313051429641278564e+12 1.079742304546422485e+12 1.101909700766541748e+12 1.103717244801668945e+12 1.357023375388833252e+12 1.760488663967182617e+12 2.501976707721326172e+12 4.290636945281159668e+12 1.253106802605735547e+13 4.869712698712284180e+12 3.578159749694847656e+12 2.548976161865720703e+12 1.925982353192988525e+12 1.748018873865602295e+12
1.040697391276256226e+12 1.012953064628814819e+12 1.933573062372529297e+12 1.771247920589611328e+12 1.145197450585737305e+12 1.268718677556444824e+12 1.146240299789646484e+12 1.030911665308004028e+12 9.281941546027471924e+11 1.004171208552673096e+12 1.167961607127499512e+12 1.371152427928143311e+12 1.604974801097478516e+12 1.819708715237479492e+12 1.913006522021236328e+12 2.527072329150621582e+12 3.721729399857204590e+12 3.147108546832709961e+12 2.310765363618346680e+12 1.737797057195125000e+12 1.370341376795438232e+12 1.124046134307500000e+12 1.166652206602788574e+12 1.449405833981375244e+12 1.907549986861362793e+12 2.761536927833909180e+12 4.717126294577972656e+12 7.872618522571366211e+12 5.884140536894644531e+13 7.872618522571366211e+12 5.262106066999875977e+12 3.226586226248494141e+12 2.259045846495624023e+12 1.154434760553076416e+12 1.050466938669829712e+12 9.525707785220125732e+11 8.645599015453671875e+11 9.242461711858515625e+11 9.827562979123626709e+11 1.148937009075673096e+12 1.364416524612100830e+12 1.634609267365937500e+12 1.928680078341418457e+12 2.127756477136919678e+12 3.027933530280857910e+12 2.523103433041875000e+12 1.951188654469489502e+12 1.532462374474945312e+12 1.243668716474286377e+12 1.040229933067309326e+12 1.079802078262810303e+12 1.102468591806690674e+12 1.354704627627370850e+12 1.755434699655229736e+12 2.487532887556434570e+12 4.218991918186901855e+12 1.102379020947247852e+13 1.106949002711738867e+13 4.762048804574950195e+12 2.887923642997218750e+12 2.060315470081974609e+12 1.943973090459821045e+12
9.290750591751927490e+11 9.091745229025500488e+11 2.190576655245379395e+12 1.962429257922444092e+12 1.014011373160047241e+12 1.113741630792541504e+12 1.028125462352035889e+12 9.424515633325666504e+11 8.620592320303712158e+11 9.363217593660605469e+11 1.064794742072935303e+12 1.211937119161722900e+12 1.364444717226184326e+12 1.489180328331306885e+12 1.539030006814573242e+12 1.913006522021236328e+12 2.527072329150622070e+12 2.322687647937973633e+12 1.918564860830455078e+12 1.551315925374238770e+12 1.273164813184310547e+12 1.068520176099640015e+12 1.129933931787268555e+12 1.380735529301027344e+12 1.758596540136665527e+12 2.359284407632670898e+12 3.270919756923139648e+12 3.936309261285683105e+12 7.872618522571366211e+12 5.726965966995582031e+13 7.074657754994790039e+12 3.537328877497358398e+12 2.358219251664914062e+12 1.026224859097212036e+12 9.511215679755596924e+11 8.766336553304487305e+11 8.065943963624686279e+11 8.646717199745371094e+11 9.244767082320003662e+11 1.058688498169571655e+12 1.220036371958582031e+12 1.401767516855195801e+12 1.574284857938029541e+12 1.677089408008625488e+12 2.193376012937215820e+12 1.976909576712268066e+12 1.663307775505889893e+12 1.380650214094472412e+12 1.158317271949724609e+12 9.887833769305344238e+11 1.040317720132020386e+12 1.080289529973884521e+12 1.314172321937441650e+12 1.669819366034254639e+12 2.260282204815795898e+12 3.327605706036445801e+12 4.858790074037727539e+12 1.247808325360014844e+13 4.858790074037727539e+12 2.909090791182171875e+12 2.067960230632195557e+12 2.066210898015908691e+12
9.719243544895877686e+11 9.561352707423516846e+11 3.035961437879782715e+12 2.637561950309781738e+12 1.070479234237471436e+12 1.189903180781086670e+12 1.113741630792541504e+12 1.028125462352035889e+12 9.424515633325666504e+11 1.042004755821370605e+12 1.186545751041373047e+12 1.339853069951745117e+12 1.472384949103117676e+12 1.537585257639325928e+12 1.503856916610533203e+12 1.846684858513342529e+12 2.379806361562168945e+12 2.520648209230520508e+12 2.260209054157511719e+12 1.851683419095411377e+12 1.498899676211912598e+12 1.234583971700478027e+12 1.332034792295048340e+12 1.683504453579845947e+12 2.238442982254775879e+12 3.103552359650997070e+12 3.905297808188228027e+12 3.439725820875585938e+12 5.262106066999875977e+12 7.074657754994790039e+12 5.577969697677164062e+13 7.074657754994646484e+12 3.537328877497358398e+12 1.095253362198199341e+12 1.026224859097212036e+12 9.511215679755596924e+11 8.766336553304487305e+11 9.527203462555416260e+11 1.034508029231115723e+12 1.191433966717397705e+12 1.371008815791200195e+12 1.548518914547029541e+12 1.667764652714986328e+12 1.667827597907799316e+12 2.172778047374226318e+12 2.172520607095706055e+12 1.926320750094390137e+12 1.612321572626717773e+12 1.339379228397536133e+12 1.127216171388486572e+12 1.205436401999209717e+12 1.268755291612523438e+12 1.598648890762477783e+12 2.137703038267327148e+12 3.103118481080509277e+12 4.645103078476871094e+12 4.646463616009753906e+12 9.814190087220541016e+12 1.249572009393268555e+13 4.862425724441620117e+12 2.910427578260137695e+12 2.907223570356034180e+12
1.000666350415931396e+12 9.911684618867092285e+11 4.538178622728487305e+12 3.840858098716746582e+12 1.109251773043966309e+12 1.243853622831687256e+12 1.189903180781087646e+12 1.113741630792542969e+12 1.028125462352037598e+12 1.161440620392041992e+12 1.314737274587093506e+12 1.453700687967125488e+12 1.533275300923674316e+12 1.516201862931889404e+12 1.411243518782402832e+12 1.682697835690109375e+12 2.056250924704063721e+12 2.429810886223958984e+12 2.501665876039818359e+12 2.194025824480701660e+12 1.786765414335253662e+12 1.449023455772136475e+12 1.613920349534578125e+12 2.126751758135809326e+12 2.939079675769548340e+12 3.836383270248538086e+12 3.589145018916289551e+12 2.631053033499922852e+12 3.226586226248494141e+12 3.537328877497358398e+12 7.074657754994646484e+12 5.577969697677164062e+13 7.074657754994789062e+12 1.148844060624981689e+12 1.095253362198200317e+12 1.026224859097213623e+12 9.511215679755611572e+11 1.050667531506376587e+12 1.163501021082860107e+12 1.340274771403357910e+12 1.521176282772094727e+12 1.654983841006834961e+12 1.677132138942744873e+12 1.574426100171662842e+12 1.977426877958858154e+12 2.193552516448644287e+12 2.144303204011335693e+12 1.874128935776656982e+12 1.562686502843306885e+12 1.300586621905768555e+12 1.425147226405991211e+12 1.532998267811235107e+12 2.026484420193844727e+12 2.899148702722921387e+12 4.388663381284234863e+12 4.859829469668482422e+12 3.328940188739657715e+12 4.291355683094343750e+12 9.801389003684056641e+12 1.251338172088756055e+13 4.866066595756813477e+12 4.858904390848995117e+12
1.010828931660252930e+12 1.009174647550242920e+12 5.915646588693616211e+12 5.608880108566979492e+12 1.123143257400282471e+12 1.263536164575315186e+12 1.243853622831687256e+12 1.189903180781087646e+12 1.113741630792542969e+12 1.289278428710591553e+12 1.433366830701190674e+12 1.526171884439159668e+12 1.526027206095376221e+12 1.433007342333710449e+12 1.288842470589186279e+12 1.485650038709644775e+12 1.724118464060737061e+12 2.125618265463024170e+12 2.470959869047300293e+12 2.470959869047300293e+12 2.125618265463024170e+12 1.724118464060743652e+12 2.023638790523096680e+12 2.780978745959875000e+12 3.729018155637499512e+12 3.726035973765507324e+12 2.777270940954859863e+12 2.022964469332967041e+12 2.259045846495624023e+12 2.358219251664914062e+12 3.537328877497358398e+12 7.074657754994789062e+12 5.328635795845371094e+13 1.177149879167324951e+12 1.148844060624981689e+12 1.095253362198200317e+12 1.026224859097213623e+12 1.154701018319595703e+12 1.309732075159084473e+12 1.492586244448979980e+12 1.638986439386122314e+12 1.682798768819967041e+12 1.598260874420543701e+12 1.432528444986053711e+12 1.715947941336352051e+12 2.025503826448394531e+12 2.206276829736273438e+12 2.109592679622509766e+12 1.821102065228019287e+12 1.515665882233588867e+12 1.723934104155662842e+12 1.925304699629403320e+12 2.714725347156378906e+12 4.114075651064509766e+12 5.003104787376000977e+12 3.573819960982626953e+12 2.396515953391708008e+12 2.690155997058033691e+12 4.288498054724002930e+12 9.788613846514343750e+12 1.253106802605734961e+13 1.254206926868099219e+13
6.553810403827560547e+12 7.058669827864838867e+12 9.820880460418759766e+11 9.836124701087034912e+11 1.408863310860376758e+13 1.253106802605736719e+13 9.839906826626025391e+12 4.293498854369963867e+12 2.690683722789642578e+12 2.398946416166232422e+12 3.578159749694822754e+12 5.004795247623051758e+12 4.109354322188956543e+12 2.711742634001344238e+12 1.923660066683525146e+12 1.723534712896897217e+12 1.515665882233588867e+12 1.822714673868838623e+12 2.111793289654664795e+12 2.208588347176624512e+12 2.027245082315306152e+12 1.717046086173225098e+12 1.433886342998940186e+12 1.599846053351793945e+12 1.684233283073589600e+12 1.639868163848047607e+12 1.492872540030352539e+12 1.309213971143459717e+12 1.154434760553076416e+12 1.026224859097212036e+12 1.095253362198199341e+12 1.148844060624981689e+12 1.177149879167324951e+12 5.574814736431624219e+13 7.074657754994789062e+12 3.537328877497394043e+12 2.358219251664929199e+12 2.258693970322814453e+12 2.024651537855267578e+12 2.783390971502516113e+12 3.735016303649540527e+12 3.732897148698612305e+12 2.780761411644434082e+12 2.022964469332967285e+12 1.725092652812166016e+12 2.127542101561039062e+12 2.473932289624074219e+12 2.473676829421741699e+12 2.127054759832139893e+12 1.724118464060748779e+12 1.485238531461284180e+12 1.289278428710594238e+12 1.433366830701192627e+12 1.526171884439160645e+12 1.526027206095376221e+12 1.433007342333710449e+12 1.288842470589186279e+12 1.114266917218286377e+12 1.190467451957988770e+12 1.244498147512510498e+12 1.264303105889586182e+12 1.106555140432234131e+12
4.107157301149341309e+12 4.996876295800800781e+12 9.654697518106059570e+11 9.742413812319530029e+11 4.936377477119685547e+12 4.858264014832528320e+12 1.253106802605736914e+13 9.839906826626021484e+12 4.293498854369965820e+12 3.332947598077278320e+12 4.862933982007763672e+12 4.384073193396783691e+12 2.895845225585530762e+12 2.024679186308101074e+12 1.531923555525406250e+12 1.424921561748024414e+12 1.300586621905767578e+12 1.563791082877314453e+12 1.875782690541413330e+12 2.146536395835039062e+12 2.195824150139126221e+12 1.979107946381215820e+12 1.575963571499022461e+12 1.678616262310825439e+12 1.655988879073429932e+12 1.521582483147914795e+12 1.340264416015748047e+12 1.163030952574833984e+12 1.050466938669829712e+12 9.511215679755596924e+11 1.026224859097212036e+12 1.095253362198200317e+12 1.148844060624981689e+12 7.074657754994789062e+12 5.577969697677190625e+13 7.074657754994788086e+12 3.537328877497394043e+12 3.225561190432425781e+12 2.633527101791355469e+12 3.598165926773429199e+12 3.841374372024728516e+12 2.938966986631700684e+12 2.125947923386622559e+12 1.613293113124254150e+12 1.449601631630582275e+12 1.787939753915007812e+12 2.196225000802906738e+12 2.504750569041610352e+12 2.432280843947985840e+12 2.056250924704080322e+12 1.682099981454217041e+12 1.411624929204111328e+12 1.516390939758496338e+12 1.533177352557099121e+12 1.453367220887502686e+12 1.314305703204774170e+12 1.161015631281184326e+12 1.028538638969529053e+12 1.114173000167661377e+12 1.190391044120213135e+12 1.244454413818880859e+12 1.093262914334660522e+12
2.719235833229610840e+12 3.162449241110554688e+12 9.330044218190430908e+11 9.476576517913708496e+11 2.923566494792514160e+12 2.907086384160426270e+12 4.858264014832528320e+12 1.253106802605736914e+13 9.839906826626031250e+12 4.650536948482270508e+12 4.641013256061144531e+12 3.099471348497108398e+12 2.135716077960052734e+12 1.597485375179580811e+12 1.268007416380810303e+12 1.205299834734039307e+12 1.127216171388488281e+12 1.340128659828566650e+12 1.613445061989219238e+12 1.928019887040877686e+12 2.174785299175066895e+12 2.175008767389747803e+12 1.669339708676556396e+12 1.668882261390885986e+12 1.549047902757618896e+12 1.371087682718651367e+12 1.191273876934073242e+12 1.034102496559181641e+12 9.525707785220125732e+11 8.766336553304487305e+11 9.511215679755596924e+11 1.026224859097213623e+12 1.095253362198200317e+12 3.537328877497394043e+12 7.074657754994788086e+12 5.577969697677190625e+13 7.074657754994788086e+12 5.257663390097671875e+12 3.442487069261920898e+12 3.911506981490793457e+12 3.103656147322561035e+12 2.237506282477330078e+12 1.682755298038398438e+12 1.331521809026482178e+12 1.234941511478603027e+12 1.499611718021206055e+12 1.853076421299893799e+12 2.262678626534208008e+12 2.523767495686052246e+12 2.379806361562183594e+12 1.845894711386864990e+12 1.504087448335289795e+12 1.537535657380972900e+12 1.472081620765225830e+12 1.339428810538864502e+12 1.186115190921758057e+12 1.041621100429734985e+12 9.427697871580002441e+11 1.028440158672536377e+12 1.114079071427058350e+12 1.190314607775970215e+12 1.056087794383053101e+12
1.995380665811158691e+12 2.236696088015701660e+12 8.892183909290682373e+11 9.078103540694942627e+11 2.072053514212895752e+12 2.066161647104018799e+12 2.907086384160426270e+12 4.858264014832528320e+12 1.253106802605735938e+13 4.855658281850027344e+12 3.323606221832160156e+12 2.258089618997220703e+12 1.668556414457993652e+12 1.313371928324629395e+12 1.079742304546423218e+12 1.040229933067310425e+12 9.887833769305355225e+11 1.158836907254734375e+12 1.381399934900431396e+12 1.664453123504301025e+12 1.978659067609982910e+12 2.195670845397161377e+12 1.678305886339540527e+12 1.574937545285470459e+12 1.401941793162172607e+12 1.219938045893462891e+12 1.058468984378258057e+12 9.241336862029387207e+11 8.645599015453671875e+11 8.065943963624686279e+11 8.766336553304487305e+11 9.511215679755611572e+11 1.026224859097213623e+12 2.358219251664929199e+12 3.537328877497394043e+12 7.074657754994788086e+12 5.724334210000361719e+13 7.857764525358949219e+12 3.936302228187045898e+12 3.271396695740172363e+12 2.358217739384408691e+12 1.757712349884738770e+12 1.380128873139027344e+12 1.129522923247815430e+12 1.068751949345690796e+12 1.273612700753516113e+12 1.552176836088996338e+12 1.920194047569552490e+12 2.325410335287294922e+12 2.527072329150639648e+12 1.912128190284780273e+12 1.539029586454634033e+12 1.488911160124018799e+12 1.364031010411131104e+12 1.211502391044567139e+12 1.064401684780823486e+12 9.359877021672564697e+11 8.623027499743166504e+11 9.426749891803747559e+11 1.028341678791592651e+12 1.113985131013348877e+12 1.001754077140794312e+12
1.815443705608086670e+12 1.991486628632756592e+12 9.891215473809523926e+11 1.014903685889719360e+12 1.961199870655362305e+12 2.057856335233584229e+12 2.884088694806174805e+12 4.753151134945224609e+12 1.100103639013520508e+13 1.100995170564005273e+13 4.212117743986165527e+12 2.484871629446271484e+12 1.754059158877578857e+12 1.353870053538785889e+12 1.101909700766541992e+12 1.079802078262811035e+12 1.040317720132021484e+12 1.244344673663593262e+12 1.533549025954799805e+12 1.953164795799929932e+12 2.527017544747295410e+12 3.034453863913394043e+12 2.130734454399236572e+12 1.930246433557497559e+12 1.635108021537073975e+12 1.364408222679343262e+12 1.148733573736302734e+12 9.824504445225223389e+11 9.242461711858515625e+11 8.646717199745371094e+11 9.527203462555416260e+11 1.050667531506376587e+12 1.154701018319595703e+12 2.258693970322814453e+12 3.225561190432425781e+12 5.257663390097671875e+12 7.857764525358949219e+12 5.884132622060375781e+13 7.887472200300743164e+12 4.715353059689061523e+12 2.759185266153522949e+12 1.906210211101933350e+12 1.448611319193287598e+12 1.166151411726669922e+12 1.124320753299795410e+12 1.370908585709907227e+12 1.739025245277141846e+12 2.313655256863019531e+12 3.153997020363018555e+12 3.725058317030643066e+12 2.527072329150640137e+12 1.913884852644881836e+12 1.819973681488906006e+12 1.604820001005207520e+12 1.370846129161816895e+12 1.167642655136157471e+12 1.003886108322178467e+12 9.285769178394908447e+11 1.031312024130587524e+12 1.146688270258778320e+12 1.269279815038767822e+12 1.130336186611373291e+12
1.607025025716622803e+12 1.725162512380920166e+12 1.109598835711707520e+12 1.146330272631160645e+12 1.771343566809940430e+12 1.925304699629403320e+12 2.548303345960920898e+12 3.576712569808069336e+12 4.861901428592942383e+12 1.253106802605766992e+13 4.290636945281311523e+12 2.501976707721396484e+12 1.760488663967209229e+12 1.357023375388843750e+12 1.103717244801668945e+12 1.102468591806690674e+12 1.080289529973884521e+12 1.314332513494543457e+12 1.670325049332003906e+12 2.261599545458486816e+12 3.330809573842036621e+12 4.861901428592942383e+12 2.909090791182175781e+12 2.453418202537193848e+12 1.918802599137223633e+12 1.516924923149096924e+12 1.235546078326909912e+12 1.035277419300807251e+12 9.827562979123626709e+11 9.244767082320003662e+11 1.034508029231115723e+12 1.163501021082860107e+12 1.309732075159084473e+12 2.024651537855267578e+12 2.633527101791355469e+12 3.442487069261920898e+12 3.936302228187045898e+12 7.887472200300743164e+12 5.462683406229516406e+13 5.898888383059911133e+12 2.949444191529954590e+12 1.966296127686636719e+12 1.474722095764970947e+12 1.179777676611969971e+12 1.163743346897301270e+12 1.444035312702124268e+12 1.895578494538890381e+12 2.725583475254928711e+12 4.541292033013039062e+12 7.058629272800228516e+12 3.718400498611298340e+12 2.527072329150621582e+12 2.322891759506554199e+12 1.919025100071694092e+12 1.551863459364635986e+12 1.273702943040087158e+12 1.069017259325523560e+12 9.966561427082124023e+11 1.127010788267579346e+12 1.282725492446803223e+12 1.461632752098916504e+12 1.289416938107214844e+12
1.987585420723108887e+12 2.126556967125822754e+12 1.214353553386904785e+12 1.244064743074407715e+12 2.327315513070745605e+12 2.714725347156378418e+12 3.839584643712808594e+12 5.004234781792145508e+12 4.385603816833791016e+12 7.932154319259984375e+12 1.253106802605766602e+13 4.290636945281310547e+12 2.501976707721378418e+12 1.760488663967200195e+12 1.357023375388833252e+12 1.354704627627370850e+12 1.314172321937441406e+12 1.670072171749968750e+12 2.261160282670172363e+12 3.330008250351961426e+12 4.861280799103117188e+12 4.385603816833791016e+12 2.798484576264145996e+12 2.909035270043295898e+12 2.453285285861798828e+12 1.918691360918898926e+12 1.516846416484993164e+12 1.235459328152775146e+12 1.148937009075673096e+12 1.058688498169571655e+12 1.191433966717397705e+12 1.340274771403357910e+12 1.492586244448979980e+12 2.783390971502516113e+12 3.598165926773429199e+12 3.911506981490793457e+12 3.271396695740172363e+12 4.715353059689061523e+12 5.898888383059911133e+12 5.093408659964235938e+13 5.898888383059908203e+12 2.949444191529954102e+12 1.966296127686625488e+12 1.474722095764958740e+12 1.443758073411067383e+12 1.895108339731888672e+12 2.724652408934425293e+12 4.539143014177355469e+12 7.082626467057125977e+12 4.518850306181448242e+12 3.143070899760013184e+12 2.322891759506554199e+12 2.527072329150621582e+12 2.322891759506554199e+12 1.919025100071694092e+12 1.551863459364630371e+12 1.273702943040079102e+12 1.156183283411077393e+12 1.317006998143850830e+12 1.499305131839631104e+12 1.682992779929150879e+12 1.433557169645924561e+12
2.380111214751807617e+12 2.471328004732124023e+12 1.289365673434341309e+12 1.303296693831758789e+12 3.042670931179291504e+12 4.114075651064509277e+12 5.054143004129839844e+12 4.110928072223715820e+12 2.896945752582987793e+12 3.473248926724157715e+12 7.932154319259980469e+12 1.253106802605766602e+13 4.290636945281261230e+12 2.501976707721361328e+12 1.760488663967182617e+12 1.755434699655229736e+12 1.669819366034254639e+12 2.260721169143303711e+12 3.329207164526525391e+12 4.860659347835525391e+12 4.386521922603348633e+12 2.896945752582987793e+12 2.266351953776370117e+12 2.798582965481157227e+12 2.908979713121250977e+12 2.453152367420358398e+12 1.918580130866804199e+12 1.516591796885856934e+12 1.364416524612100830e+12 1.220036371958582031e+12 1.371008815791200195e+12 1.521176282772094727e+12 1.638986439386122314e+12 3.735016303649540527e+12 3.841374372024728516e+12 3.103656147322561035e+12 2.358217739384408691e+12 2.759185266153522949e+12 2.949444191529954590e+12 5.898888383059908203e+12 5.093408659964235938e+13 5.898888383059909180e+12 2.949444191529929199e+12 1.966296127686603516e+12 1.894638409103442383e+12 2.723721923315516602e+12 4.536995320236969727e+12 7.082649410225247070e+12 4.524136986269459961e+12 2.718143927923919434e+12 2.308764942530263672e+12 1.919025100071694092e+12 2.322891759506554199e+12 2.527072329150621582e+12 2.322891759506554199e+12 1.919025100071687012e+12 1.551863459364619629e+12 1.352203383934512207e+12 1.537125114346842041e+12 1.716428229715449463e+12 1.839617093816219482e+12 1.526401646076380127e+12
2.520619186438610352e+12 2.470713840958084473e+12 1.310372722355205566e+12 1.303206590721376465e+12 3.354178816017286621e+12 5.003104787375998047e+12 3.836516147735188477e+12 2.712736290620511719e+12 2.025280607658479492e+12 2.195957748285272705e+12 3.473248926724157715e+12 7.932154319259980469e+12 1.253106802605734961e+13 4.290636945281208984e+12 2.501976707721326172e+12 2.487532887556434570e+12 2.260282204815795898e+12 3.328406316407513672e+12 4.860037075856999023e+12 4.387439826098868652e+12 2.897606372107871094e+12 2.025280607658479492e+12 1.770067637816367920e+12 2.266482730642775879e+12 2.798681330380428711e+12 2.908924120422432617e+12 2.453019447218396973e+12 1.917874634347688965e+12 1.634609267365937500e+12 1.401767516855195801e+12 1.548518914547029541e+12 1.654983841006834961e+12 1.682798768819967041e+12 3.732897148698612305e+12 2.938966986631700684e+12 2.237506282477330078e+12 1.757712349884738770e+12 1.906210211101933350e+12 1.966296127686636719e+12 2.949444191529954102e+12 5.898888383059909180e+12 5.093408659964213281e+13 5.898888383059809570e+12 2.949444191529881348e+12 2.722792017916513672e+12 4.534848951320717773e+12 7.082665798338983398e+12 4.526276728303467773e+12 2.719078188900821777e+12 1.892518201285027344e+12 1.736945851732913818e+12 1.551863459364635986e+12 1.919025100071694092e+12 2.322891759506554199e+12 2.527072329150621582e+12 2.322891759506548340e+12 1.919025100071673584e+12 1.574814674890193604e+12 1.747638032795501221e+12 1.852240863765029785e+12 1.839870564071394287e+12 1.526256902385987793e+12
2.260282204815828125e+12 2.125383562791702637e+12 1.269254348903455322e+12 1.243829681282776611e+12 2.803535033710434570e+12 3.573819960982625000e+12 2.546508950573760742e+12 1.924207991851688721e+12 1.532281633961590332e+12 1.602664375036821533e+12 2.195957748285258545e+12 3.473248926724123535e+12 7.932154319259980469e+12 1.253106802605735547e+13 4.290636945281159668e+12 4.218991918186901855e+12 3.327605706036444336e+12 4.859413984235026367e+12 4.388357526456364258e+12 2.898267219194532715e+12 2.025641615591348877e+12 1.532281633961590332e+12 1.412628006581672363e+12 1.770167348416356934e+12 2.266613511719606934e+12 2.798779670952799805e+12 2.908868491953233887e+12 2.451148031392198242e+12 1.928680078341418457e+12 1.574284857938029541e+12 1.667764652714986328e+12 1.677132138942744873e+12 1.598260874420543701e+12 2.780761411644434082e+12 2.125947923386622559e+12 1.682755298038398438e+12 1.380128873139027344e+12 1.448611319193287598e+12 1.474722095764970947e+12 1.966296127686625488e+12 2.949444191529929199e+12 5.898888383059809570e+12 5.093408659964171875e+13 5.898888383059712891e+12 4.532703907552658203e+12 7.082675631261831055e+12 4.528417795932360352e+12 2.720005778228529785e+12 1.892760925309987305e+12 1.442574778879017334e+12 1.370007700250777344e+12 1.273702943040087158e+12 1.551863459364630371e+12 1.919025100071687012e+12 2.322891759506548340e+12 2.527072329150621582e+12 2.322891759506542480e+12 1.776099526912347168e+12 1.859941019889710205e+12 1.822698501669676270e+12 1.683575216122731934e+12 1.433197538084346436e+12
1.851982247186690430e+12 1.724118464060742432e+12 1.181344120066901855e+12 1.146023808222795166e+12 2.117376996339150879e+12 2.396515953391707520e+12 1.831998888023930908e+12 1.471620303102472168e+12 1.225810133725144531e+12 1.261125251245927490e+12 1.602664375036807129e+12 2.195957748285232422e+12 3.473248926724090332e+12 7.932154319259823242e+12 1.253106802605735547e+13 1.102379020947247852e+13 4.858790074037725586e+12 4.389275022810965820e+12 2.898928293897659180e+12 2.026002739926174072e+12 1.532496557317334961e+12 1.225810133725144531e+12 1.162041633304143311e+12 1.412697701400331299e+12 1.770267067087964355e+12 2.266744297003824219e+12 2.798877987189135254e+12 2.905087685307127930e+12 2.127756477136919678e+12 1.677089408008625488e+12 1.667827597907799316e+12 1.574426100171662842e+12 1.432528444986053711e+12 2.022964469332967285e+12 1.613293113124254150e+12 1.331521809026482178e+12 1.129522923247815430e+12 1.166151411726669922e+12 1.179777676611969971e+12 1.474722095764958740e+12 1.966296127686603516e+12 2.949444191529881348e+12 5.898888383059712891e+12 5.326127715059171875e+13 7.082678908911881836e+12 4.530560189051840820e+12 2.720933945853636719e+12 1.893229960756501709e+12 1.442650156946451660e+12 1.162995297659678223e+12 1.123954475622081787e+12 1.069017259325523560e+12 1.273702943040079102e+12 1.551863459364619629e+12 1.919025100071673584e+12 2.322891759506542480e+12 2.527072329150621582e+12 1.862529158515311279e+12 1.801287976481805908e+12 1.648441791275811523e+12 1.462268702304122559e+12 1.288980839511045166e+12
1.537125114346845947e+12 1.461632752098912842e+12 1.385234307531910645e+12 1.329219011476127686e+12 1.749301665185023193e+12 2.000313942959103760e+12 1.635700815051186035e+12 1.363916467453006104e+12 1.161445879753281494e+12 1.226685724805624512e+12 1.533699082639604004e+12 2.027877765867977539e+12 2.902569093607334473e+12 4.398244694790204102e+12 4.869712698712219727e+12 1.106949002711711523e+13 1.247808325360045703e+13 7.913285245242105469e+12 3.469844977218181641e+12 2.194293374569046387e+12 1.601570846416419434e+12 1.260309593219304688e+12 1.226510584143284180e+12 1.533445959287233887e+12 2.027386354868169189e+12 2.901073487984446289e+12 4.391711679349531738e+12 4.847914341415535156e+12 3.027933530280857910e+12 2.193376012937215820e+12 2.172778047374226318e+12 1.977426877958858154e+12 1.715947941336352051e+12 1.725092652812166016e+12 1.449601631630582275e+12 1.234941511478603027e+12 1.068751949345690796e+12 1.124320753299795410e+12 1.163743346897301270e+12 1.443758073411067383e+12 1.894638409103442383e+12 2.722792017916513672e+12 4.532703907552658203e+12 7.082678908911881836e+12 5.325012529811616406e+13 5.894165658406564453e+12 2.947082829203282715e+12 1.964721886135532471e+12 1.473541414601647461e+12 1.179109436797258789e+12 1.165957616685871582e+12 1.129933931787271973e+12 1.380664525025887695e+12 1.758376514313007080e+12 2.358753268541143066e+12 3.269976527950154297e+12 3.928882262679477051e+12 2.527072329150640137e+12 2.380111214751812988e+12 2.057037825532262207e+12 1.725162512380913330e+12 1.510374033058029053e+12
1.747781453305435303e+12 1.683157567987088867e+12 1.533453690052539062e+12 1.489249541198127197e+12 2.081002161504239990e+12 2.547850119652687988e+12 2.085497413532489746e+12 1.700648449917181152e+12 1.412024913284425781e+12 1.534003655962600830e+12 2.028389765144312012e+12 2.903507273903233398e+12 4.399548740847096680e+12 4.868822988853396484e+12 3.329972662399318359e+12 4.219229927530235352e+12 4.286076166203619629e+12 1.247370386051847266e+13 7.915512547503985352e+12 3.470314682048201172e+12 2.194483461558477051e+12 1.601672479041051758e+12 1.533661192846943359e+12 2.027748041932425293e+12 2.901735528989333496e+12 4.392628422316142578e+12 4.856868897680740234e+12 3.322977636392156738e+12 2.523103433041875000e+12 1.976909576712268066e+12 2.172520607095706055e+12 2.193552516448644287e+12 2.025503826448394531e+12 2.127542101561039062e+12 1.787939753915007812e+12 1.499611718021206055e+12 1.273612700753516113e+12 1.370908585709907227e+12 1.444035312702124268e+12 1.895108339731888672e+12 2.723721923315516602e+12 4.534848951320717773e+12 7.082675631261831055e+12 4.530560189051840820e+12 5.894165658406564453e+12 5.091369328004423438e+13 5.894165658406565430e+12 2.947082829203307617e+12 1.964721886135532471e+12 1.473973092772600342e+12 1.448519919119978516e+12 1.380906976766142334e+12 1.758752150961092773e+12 2.359357756132602539e+12 3.270781628605272461e+12 3.928881703209000488e+12 3.269171376893138672e+12 2.322603084062349121e+12 2.520557405752206543e+12 2.430394061014208496e+12 2.126888806173068359e+12 1.758839582861149414e+12
1.859990310594082764e+12 1.839760641793630371e+12 1.607563897425997070e+12 1.594449386869155762e+12 2.278559707166719727e+12 2.939393121546881836e+12 2.638410323314486816e+12 2.174295759595357666e+12 1.769545023039959473e+12 2.028901998332636475e+12 2.904445912461218750e+12 4.400852374938264648e+12 4.867931638168473633e+12 3.328837737583006348e+12 2.260136317953416992e+12 2.486400230971627930e+12 2.499870679547112305e+12 4.285367313101087402e+12 1.246932600661286719e+13 7.917740945900612305e+12 3.470784511502224609e+12 2.194673581225720703e+12 2.028109845685020996e+12 2.902397797896343750e+12 4.393544957239980469e+12 4.856241666046582031e+12 3.324017668999916992e+12 2.257945483704484375e+12 1.951188654469489502e+12 1.663307775505889893e+12 1.926320750094390137e+12 2.144303204011335693e+12 2.206276829736273438e+12 2.473932289624074219e+12 2.196225000802906738e+12 1.853076421299893799e+12 1.552176836088996338e+12 1.739025245277141846e+12 1.895578494538890381e+12 2.724652408934425293e+12 4.536995320236969727e+12 7.082665798338983398e+12 4.528417795932360352e+12 2.720933945853636719e+12 2.947082829203282715e+12 5.894165658406565430e+12 5.091369328004446094e+13 5.894165658406664062e+12 2.947082829203307129e+12 1.965489169985025879e+12 1.906321188941263916e+12 1.759127928013717285e+12 2.359962466203963867e+12 3.271586678160540527e+12 3.928880024799003906e+12 3.268366176131054199e+12 2.357544960650830078e+12 1.918374244156185303e+12 2.259661350772426270e+12 2.501310862686116699e+12 2.471674088939420898e+12 1.939931199531455566e+12
1.800951327143583984e+12 1.839655572971601807e+12 1.568987134826297119e+12 1.594380990764913574e+12 2.172515255864253174e+12 2.721629725695838379e+12 2.949443406215504883e+12 2.723040884659563965e+12 2.266112848703849121e+12 2.905385009437809082e+12 4.402155594588839844e+12 4.867038649717291016e+12 3.327703292512169434e+12 2.259515477667566406e+12 1.669188789366127930e+12 1.754372639401777832e+12 1.759085270976473877e+12 2.499624586065300293e+12 4.284658687084032227e+12 1.246494969349205859e+13 7.919970441090814453e+12 3.471254465628796387e+12 2.903060294759714844e+12 4.394461283250783203e+12 4.855613621263402344e+12 3.323218363468447266e+12 2.257695570134477539e+12 1.668305691034705811e+12 1.532462374474945312e+12 1.380650214094472412e+12 1.612321572626717773e+12 1.874128935776656982e+12 2.109592679622509766e+12 2.473676829421741699e+12 2.504750569041610352e+12 2.262678626534208008e+12 1.920194047569552490e+12 2.313655256863019531e+12 2.725583475254928711e+12 4.539143014177355469e+12 7.082649410225247070e+12 4.526276728303467773e+12 2.720005778228529785e+12 1.893229960756501709e+12 1.964721886135532471e+12 2.947082829203307617e+12 5.894165658406664062e+12 5.091369328004446094e+13 5.894165658406564453e+12 2.948808569053064941e+12 2.759522262911386719e+12 2.360567398791824707e+12 3.272391675916854492e+12 3.928877227453789551e+12 3.267560926359633301e+12 2.356941140278060547e+12 1.757250446154248535e+12 1.551089208307130615e+12 1.851031522781974854e+12 2.192975754275975586e+12 2.470190338421272461e+12 1.939808018251094727e+12
1.611338830303006104e+12 1.682916228014307861e+12 1.438810626065789795e+12 1.489082363768462891e+12 1.861119418726780273e+12 2.172715561253395752e+12 2.636869755733352539e+12 2.939037419733125977e+12 2.798640589255914062e+12 4.403458397320179688e+12 4.866144026562111328e+12 3.326569327296511230e+12 2.258894936058208984e+12 1.668831538126229004e+12 1.313481853323697510e+12 1.353796938105366211e+12 1.355958913371078369e+12 1.758962785506427979e+12 2.499378540534924316e+12 4.283950288047002930e+12 1.246057492275619336e+13 7.922201033734362305e+12 4.395377399477484863e+12 4.854984764403168945e+12 3.322419295946967285e+12 2.257257633517005859e+12 1.667972600928139893e+12 1.313051429641278564e+12 1.243668716474286377e+12 1.158317271949724609e+12 1.339379228397536133e+12 1.562686502843306885e+12 1.821102065228019287e+12 2.127054759832139893e+12 2.432280843947985840e+12 2.523767495686052246e+12 2.325410335287294922e+12 3.153997020363018555e+12 4.541292033013039062e+12 7.082626467057125977e+12 4.524136986269459961e+12 2.719078188900821777e+12 1.892760925309987305e+12 1.442650156946451660e+12 1.473541414601647461e+12 1.964721886135532471e+12 2.947082829203307129e+12 5.894165658406564453e+12 5.092857461946753125e+13 5.901060807523050781e+12 4.712209573138800781e+12 3.273196621174066895e+12 3.928873311180527832e+12 3.266755628273458008e+12 2.356337542237333984e+12 1.756875370482688721e+12 1.379695508983109375e+12 1.272942023014912109e+12 1.498322434793933594e+12 1.785683667722881592e+12 2.124055681731775391e+12 1.758564207524330078e+12
1.386922909210687256e+12 1.460827925730672852e+12 1.273433773785574951e+12 1.329920159670981689e+12 1.536948829382714844e+12 1.699149549189721191e+12 2.083113109633762695e+12 2.544194680228606934e+12 2.905087685307149902e+12 4.855658281850024414e+12 3.323606221832158691e+12 2.258089618997220215e+12 1.668556414457993652e+12 1.313371928324629150e+12 1.079742304546423218e+12 1.101886983287900146e+12 1.103133658905518555e+12 1.356318311305456299e+12 1.759600445993950439e+12 2.500786719408631836e+12 4.288921574009159668e+12 1.253106802605734375e+13 4.866559751795562500e+12 3.326763850862008789e+12 2.258819672044314941e+12 1.668683601878698242e+12 1.313321833456049072e+12 1.079742304546422485e+12 1.040229933067309326e+12 9.887833769305344238e+11 1.127216171388486572e+12 1.300586621905768555e+12 1.515665882233588867e+12 1.724118464060748779e+12 2.056250924704080322e+12 2.379806361562183594e+12 2.527072329150639648e+12 3.725058317030643066e+12 7.058629272800228516e+12 4.518850306181448242e+12 2.718143927923919434e+12 1.892518201285027344e+12 1.442574778879017334e+12 1.162995297659678223e+12 1.179109436797258789e+12 1.473973092772600342e+12 1.965489169985025879e+12 2.948808569053064941e+12 5.901060807523050781e+12 5.458441650653225000e+13 7.857764525358954102e+12 3.936302228187001465e+12 3.271396695740147461e+12 2.358217739384399902e+12 1.757712349884734619e+12 1.380128873139025146e+12 1.129522923247813965e+12 1.068751949345690796e+12 1.234728464988150635e+12 1.449050393076356201e+12 1.724047549405514648e+12 1.511215685018202637e+12
1.219109322078530762e+12 1.268392940932256348e+12 1.451240488458102051e+12 1.536570921447407959e+12 1.347021585828322266e+12 1.492402226808545654e+12 1.732754202462700195e+12 1.972176878791523438e+12 2.126677852797649414e+12 3.029343864213043945e+12 2.523104855219241211e+12 1.951155093391611328e+12 1.532595360446398193e+12 1.243908242352888184e+12 1.040142103339937012e+12 1.079682468188593018e+12 1.101864190082280029e+12 1.353960878886830078e+12 1.754462087314758545e+12 2.486101542021024902e+12 4.216083600378638672e+12 1.100103639013522266e+13 1.105532310974200195e+13 4.213969916388274414e+12 2.484906292836718262e+12 1.753877100432381104e+12 1.353663558773592529e+12 1.101909700766541748e+12 1.079802078262810303e+12 1.040317720132020386e+12 1.205436401999209717e+12 1.425147226405991211e+12 1.723934104155662842e+12 1.485238531461284180e+12 1.682099981454217041e+12 1.845894711386864990e+12 1.912128190284780273e+12 2.527072329150640137e+12 3.718400498611298340e+12 3.143070899760013184e+12 2.308764942530263672e+12 1.736945851732913818e+12 1.370007700250777344e+12 1.123954475622081787e+12 1.165957616685871582e+12 1.448519919119978516e+12 1.906321188941263916e+12 2.759522262911386719e+12 4.712209573138800781e+12 7.857764525358954102e+12 5.884132622060343750e+13 7.887472200300562500e+12 4.715353059689023438e+12 2.759185266153515137e+12 1.906210211101930420e+12 1.448611319193286377e+12 1.166151411726669434e+12 1.124320753299795410e+12 1.322760641770561279e+12 1.597504388481147217e+12 1.991913920885612305e+12 1.754733785818741943e+12
1.080221063122603638e+12 1.114022913353938965e+12 1.654660784164458984e+12 1.784501523690958740e+12 1.186627393618069336e+12 1.309732075159084473e+12 1.463057696290893066e+12 1.598519346133717773e+12 1.677217247902703125e+12 2.195670845397149170e+12 1.978827420922349609e+12 1.664803838864282959e+12 1.381829579636623535e+12 1.159276569560478027e+12 9.892035769795329590e+11 1.040719227452166870e+12 1.080289529973883789e+12 1.314332513494542480e+12 1.670325049332001221e+12 2.261599545458480957e+12 3.330809573842016602e+12 4.861901428592880859e+12 1.247808325360046094e+13 4.287788425508711426e+12 2.501059599162602539e+12 1.759972896108484375e+12 1.356663569489078613e+12 1.103717244801668945e+12 1.102468591806690674e+12 1.080289529973884521e+12 1.268755291612523438e+12 1.532998267811235107e+12 1.925304699629403320e+12 1.289278428710594238e+12 1.411624929204111328e+12 1.504087448335289795e+12 1.539029586454634033e+12 1.913884852644881836e+12 2.527072329150621582e+12 2.322891759506554199e+12 1.919025100071694092e+12 1.551863459364635986e+12 1.273702943040087158e+12 1.069017259325523560e+12 1.129933931787271973e+12 1.380906976766142334e+12 1.759127928013717285e+12 2.360567398791824707e+12 3.273196621174066895e+12 3.936302228187001465e+12 7.887472200300562500e+12 5.462683406229488281e+13 5.898888383059911133e+12 2.949444191529954590e+12 1.966296127686636719e+12 1.474722095764970947e+12 1.179777676611969971e+12 1.163743346897302002e+12 1.388119622301913086e+12 1.716428229715462891e+12 2.237456480625474121e+12 2.024861235489272217e+12
1.176142236894730469e+12 1.203074335900097412e+12 2.079911880516124268e+12 2.240806774437431641e+12 1.317501183811465576e+12 1.492586244448979736e+12 1.620058476463291992e+12 1.682841754478359375e+12 1.654819618090848389e+12 2.146930209596768066e+12 2.195670845397149170e+12 1.978827420922349609e+12 1.664803838864277832e+12 1.381829579636619141e+12 1.159276569560471436e+12 1.244738647900342041e+12 1.314172321937440186e+12 1.670072171749966064e+12 2.261160282670166504e+12 3.330008250351941406e+12 4.861280799103056641e+12 4.385603816833745605e+12 7.918664299944480469e+12 1.247370386051847852e+13 4.287079023738901367e+12 2.500813273955401367e+12 1.759850287621492188e+12 1.357023375388833252e+12 1.354704627627370850e+12 1.314172321937441650e+12 1.598648890762477783e+12 2.026484420193844727e+12 2.714725347156378906e+12 1.433366830701192627e+12 1.516390939758496338e+12 1.537535657380972900e+12 1.488911160124018799e+12 1.819973681488906006e+12 2.322891759506554199e+12 2.527072329150621582e+12 2.322891759506554199e+12 1.919025100071694092e+12 1.551863459364630371e+12 1.273702943040079102e+12 1.380664525025887695e+12 1.758752150961092773e+12 2.359962466203963867e+12 3.272391675916854492e+12 3.928873311180527832e+12 3.271396695740147461e+12 4.715353059689023438e+12 5.898888383059911133e+12 5.093408659964235938e+13 5.898888383059908203e+12 2.949444191529954102e+12 1.966296127686625488e+12 1.474722095764958740e+12 1.443758073411068604e+12 1.801287976481805908e+12 2.380111214751812988e+12 3.435683409713964355e+12 2.783935882235675781e+12
1.243897145253750488e+12 1.256391647114021729e+12 2.543693063347259277e+12 2.655970022527526367e+12 1.414932458369011719e+12 1.638986439386122070e+12 1.684714824834782715e+12 1.638787232054161133e+12 1.520857796552348877e+12 1.876619269444468262e+12 2.146930209596768066e+12 2.195670845397149170e+12 1.978827420922344971e+12 1.664803838864272705e+12 1.381829579636610840e+12 1.533855421196952148e+12 1.669819366034252441e+12 2.260721169143297852e+12 3.329207164526504883e+12 4.860659347835464844e+12 4.386521922603303711e+12 2.896945752582975098e+12 3.472114065038078125e+12 7.920894249634762695e+12 1.246932600661286914e+13 4.286369849309112793e+12 2.500566996766643555e+12 1.760488663967182617e+12 1.755434699655229736e+12 1.669819366034254639e+12 2.137703038267327148e+12 2.899148702722921387e+12 4.114075651064509766e+12 1.526171884439160645e+12 1.533177352557099121e+12 1.472081620765225830e+12 1.364031010411131104e+12 1.604820001005207520e+12 1.919025100071694092e+12 2.322891759506554199e+12 2.527072329150621582e+12 2.322891759506554199e+12 1.919025100071687012e+12 1.551863459364619629e+12 1.758376514313007080e+12 2.359357756132602539e+12 3.271586678160540527e+12 3.928877227453789551e+12 3.266755628273458008e+12 2.358217739384399902e+12 2.759185266153515137e+12 2.949444191529954590e+12 5.898888383059908203e+12 5.093408659964235938e+13 5.898888383059909180e+12 2.949444191529929199e+12 1.966296127686603516e+12 1.894638409103445312e+12 2.540796123770554688e+12 3.750371779345563477e+12 6.067876959235773438e+12 3.736333293296420898e+12
1.262727198973830322e+12 1.256310925802943604e+12 2.717442517712414062e+12 2.655207702307394043e+12 1.442834133605299316e+12 1.682798768819967041e+12 1.619827752360165527e+12 1.492255402300041992e+12 1.339926331156187988e+12 1.564733075371765625e+12 1.876619269444468262e+12 2.146930209596768066e+12 2.195670845397147217e+12 1.978827420922339844e+12 1.664803838864262451e+12 1.953150283985704102e+12 2.260282204815789062e+12 3.328406316407494141e+12 4.860037075856938477e+12 4.387439826098822754e+12 2.897606372107858398e+12 2.025280607658475342e+12 2.195670845397175049e+12 3.472584372054911621e+12 7.923125297051257812e+12 1.246494969349175195e+13 4.285660902113747559e+12 2.501976707721326172e+12 2.487532887556434570e+12 2.260282204815795898e+12 3.103118481080509277e+12 4.388663381284234863e+12 5.003104787376000977e+12 1.526027206095376221e+12 1.453367220887502686e+12 1.339428810538864502e+12 1.211502391044567139e+12 1.370846129161816895e+12 1.551863459364635986e+12 1.919025100071694092e+12 2.322891759506554199e+12 2.527072329150621582e+12 2.322891759506548340e+12 1.919025100071673584e+12 2.358753268541143066e+12 3.270781628605272461e+12 3.928880024799003906e+12 3.267560926359633301e+12 2.356337542237333984e+12 1.757712349884734619e+12 1.906210211101930420e+12 1.966296127686636719e+12 2.949444191529954102e+12 5.898888383059909180e+12 5.093408659964213281e+13 5.898888383059809570e+12 2.949444191529881348e+12 2.722792017916521484e+12 4.114075651064460449e+12 6.573014006559619141e+12 6.076991670795960938e+12 3.734211897147087891e+12
1.225810133725141113e+12 1.202861748040342529e+12 2.398946416166253906e+12 2.239434028400059082e+12 1.388480321085034912e+12 1.598260874420543701e+12 1.462717870214321533e+12 1.309386661685740479e+12 1.163187619096333252e+12 1.301463347624577148e+12 1.564733075371760498e+12 1.876619269444463135e+12 2.146930209596768066e+12 2.195670845397147217e+12 1.978827420922334717e+12 2.526110305603678223e+12 3.327605706036424805e+12 4.859413984234964844e+12 4.388357526456319824e+12 2.898267219194519531e+12 2.025641615591343750e+12 1.532281633961588623e+12 1.602552835070660156e+12 2.195861169249244873e+12 3.473054803930336426e+12 7.925357442853554688e+12 1.246057492275558203e+13 4.290636945281159668e+12 4.218991918186901855e+12 3.327605706036445801e+12 4.645103078476871094e+12 4.859829469668482422e+12 3.573819960982626953e+12 1.433007342333710449e+12 1.314305703204774170e+12 1.186115190921758057e+12 1.064401684780823486e+12 1.167642655136157471e+12 1.273702943040087158e+12 1.551863459364630371e+12 1.919025100071687012e+12 2.322891759506548340e+12 2.527072329150621582e+12 2.322891759506542480e+12 3.269976527950154297e+12 3.928881703209000488e+12 3.268366176131054199e+12 2.356941140278060547e+12 1.756875370482688721e+12 1.380128873139025146e+12 1.448611319193286377e+12 1.474722095764970947e+12 1.966296127686625488e+12 2.949444191529929199e+12 5.898888383059809570e+12 5.093408659964171875e+13 5.898888383059712891e+12 4.532703907552697266e+12 6.944228130076118164e+12 5.532478469103767578e+12 3.440646542328065430e+12 2.781304779150188965e+12
1.146076575505934570e+12 1.113741630792541504e+12 1.925982353192995850e+12 1.783346066791301270e+12 1.275644816619142578e+12 1.432528444986053467e+12 1.279179601934168945e+12 1.135973427071152588e+12 1.010828931660254150e+12 1.097763718058085815e+12 1.301463347624569580e+12 1.564733075371750732e+12 1.876619269444458008e+12 2.146930209596764648e+12 2.195670845397147217e+12 3.032277348849626953e+12 4.858790074037664062e+12 4.389275022810919922e+12 2.898928293897646484e+12 2.026002739926169922e+12 1.532496557317333252e+12 1.225810133725143311e+12 1.261070901854184570e+12 1.602654591849256836e+12 2.196051525839710938e+12 3.473525360713016602e+12 7.927590687702040039e+12 1.253106802605735547e+13 1.102379020947247852e+13 4.858790074037727539e+12 4.646463616009753906e+12 3.328940188739657715e+12 2.396515953391708008e+12 1.288842470589186279e+12 1.161015631281184326e+12 1.041621100429734985e+12 9.359877021672564697e+11 1.003886108322178467e+12 1.069017259325523560e+12 1.273702943040079102e+12 1.551863459364619629e+12 1.919025100071673584e+12 2.322891759506542480e+12 2.527072329150621582e+12 3.928882262679477051e+12 3.269171376893138672e+12 2.357544960650830078e+12 1.757250446154248535e+12 1.379695508983109375e+12 1.129522923247813965e+12 1.166151411726669434e+12 1.179777676611969971e+12 1.474722095764958740e+12 1.966296127686603516e+12 2.949444191529881348e+12 5.898888383059712891e+12 5.326127715059196875e+13 7.082678908912026367e+12 5.008210285458630859e+12 3.167470300626239746e+12 2.239739728779811035e+12 2.023173643149265869e+12
9.976347971091918945e+11 9.760879187703095703e+11 2.319229300171956543e+12 2.081694630397844482e+12 1.097636972525814331e+12 1.217302311613222900e+12 1.118956429420198486e+12 1.019305533413763306e+12 9.259911235933452148e+11 1.011516365196198242e+12 1.164106998405861084e+12 1.341135812402127197e+12 1.522339752552257324e+12 1.656359121320965332e+12 1.678435095137521484e+12 2.129916987250794434e+12 2.909090791182172363e+12 2.798246943516356445e+12 2.265720566549881348e+12 1.769345710672569580e+12 1.411955274963896240e+12 1.161445879753281494e+12 1.226510584143284180e+12 1.533445959287233887e+12 2.027386354868169189e+12 2.901073487984446289e+12 4.391711679349531738e+12 4.869712698712284180e+12 1.106949002711738867e+13 1.247808325360014844e+13 9.814190087220541016e+12 4.291355683094343750e+12 2.690155997058033691e+12 1.114266917218286377e+12 1.028538638969529053e+12 9.427697871580002441e+11 8.623027499743166504e+11 9.285769178394908447e+11 9.966561427082124023e+11 1.156183283411077393e+12 1.352203383934512207e+12 1.574814674890193604e+12 1.776099526912347168e+12 1.862529158515311279e+12 2.527072329150640137e+12 2.322603084062349121e+12 1.918374244156185303e+12 1.551089208307130615e+12 1.272942023014912109e+12 1.068751949345690796e+12 1.124320753299795410e+12 1.163743346897302002e+12 1.443758073411068604e+12 1.894638409103445312e+12 2.722792017916521484e+12 4.532703907552697266e+12 7.082678908912026367e+12 5.581130916235109375e+13 7.082678908912022461e+12 3.541339454455977051e+12 2.360892969637325684e+12 2.279026206759425781e+12
1.042039257907653564e+12 1.026092905869168823e+12 3.129464383645479004e+12 2.763370766717725098e+12 1.157635133209998535e+12 1.300746079364605225e+12 1.217196219382426758e+12 1.118842335359222168e+12 1.019195329532693970e+12 1.136696830751714600e+12 1.310372722355198486e+12 1.493534630281169922e+12 1.640242405851614502e+12 1.684158257429215576e+12 1.599425457460812500e+12 1.975003325953716309e+12 2.547405886080155273e+12 2.939267579896739746e+12 2.722244339977089844e+12 2.173530351467183594e+12 1.700176270510330566e+12 1.363652475070788818e+12 1.472283900603210938e+12 1.925441060919857666e+12 2.715220044523575684e+12 4.115249067373482422e+12 5.002538626952297852e+12 3.578159749694847656e+12 4.762048804574950195e+12 4.858790074037727539e+12 1.249572009393268555e+13 9.801389003684056641e+12 4.288498054724002930e+12 1.190467451957988770e+12 1.114173000167661377e+12 1.028440158672536377e+12 9.426749891803747559e+11 1.031312024130587524e+12 1.127010788267579346e+12 1.317006998143850830e+12 1.537125114346842041e+12 1.747638032795501221e+12 1.859941019889710205e+12 1.801287976481805908e+12 2.380111214751812988e+12 2.520557405752206543e+12 2.259661350772426270e+12 1.851031522781974854e+12 1.498322434793933594e+12 1.234728464988150635e+12 1.322760641770561279e+12 1.388119622301913086e+12 1.801287976481805908e+12 2.540796123770554688e+12 4.114075651064460449e+12 6.944228130076118164e+12 5.008210285458630859e+12 7.082678908912022461e+12 5.581130916235082031e+13 7.082678908911882812e+12 3.541339454455977051e+12 3.284018171131774414e+12
1.067822951971565918e+12 1.060087902993107300e+12 4.146172578460600098e+12 3.752514758658250488e+12 1.193299483793768066e+12 1.351968517831453369e+12 1.300666371496945312e+12 1.217090108686386719e+12 1.118728240312732666e+12 1.279947136526367676e+12 1.463780654014709717e+12 1.621155818513825928e+12 1.686079027708598145e+12 1.621155818513829590e+12 1.463780654014709717e+12 1.735071840495135498e+12 2.085571988562070557e+12 2.638361980009744629e+12 2.949443718138179199e+12 2.637165986917676758e+12 2.084390696300974121e+12 1.634988263975091797e+12 1.832499737204732178e+12 2.547628881133463379e+12 3.838812856150258301e+12 5.054143738753602539e+12 3.836525178244798828e+12 2.548976161865720703e+12 2.887923642997218750e+12 2.909090791182171875e+12 4.862425724441620117e+12 1.251338172088756055e+13 9.788613846514343750e+12 1.244498147512510498e+12 1.190391044120213135e+12 1.114079071427058350e+12 1.028341678791592651e+12 1.146688270258778320e+12 1.282725492446803223e+12 1.499305131839631104e+12 1.716428229715449463e+12 1.852240863765029785e+12 1.822698501669676270e+12 1.648441791275811523e+12 2.057037825532262207e+12 2.430394061014208496e+12 2.501310862686116699e+12 2.192975754275975586e+12 1.785683667722881592e+12 1.449050393076356201e+12 1.597504388481147217e+12 1.716428229715462891e+12 2.380111214751812988e+12 3.750371779345563477e+12 6.573014006559619141e+12 5.532478469103767578e+12 3.167470300626239746e+12 3.541339454455977051e+12 7.082678908911882812e+12 5.581130916235082031e+13 7.082678908912022461e+12 5.522901827040058594e+12
1.070308320261708008e+12 1.072248879068971680e+12 4.299233786139069336e+12 4.430431672341046875e+12 1.196770999408625000e+12 1.357023375388833008e+12 1.351934862450535156e+12 1.300586621905766602e+12 1.216983979549255615e+12 1.433366830701192871e+12 1.599425457460810059e+12 1.684158257429214600e+12 1.640242405851619629e+12 1.493534630281178711e+12 1.310372722355201660e+12 1.494289620865935547e+12 1.701084098334407227e+12 2.174757518091696045e+12 2.723339281236983398e+12 2.938990262041711426e+12 2.546149011885780273e+12 1.998902413223333740e+12 2.396515953391708008e+12 3.574179281153388184e+12 5.003386750187092773e+12 4.112902246866927734e+12 2.713736383479507812e+12 1.925982353192988525e+12 2.060315470081974609e+12 2.067960230632195557e+12 2.910427578260137695e+12 4.866066595756813477e+12 1.253106802605734961e+13 1.264303105889586182e+12 1.244454413818880859e+12 1.190314607775970215e+12 1.113985131013348877e+12 1.269279815038767822e+12 1.461632752098916504e+12 1.682992779929150879e+12 1.839617093816219482e+12 1.839870564071394287e+12 1.683575216122731934e+12 1.462268702304122559e+12 1.725162512380913330e+12 2.126888806173068359e+12 2.471674088939420898e+12 2.470190338421272461e+12 2.124055681731775391e+12 1.724047549405514648e+12 1.991913920885612305e+12 2.237456480625474121e+12 3.435683409713964355e+12 6.067876959235773438e+12 6.076991670795960938e+12 3.440646542328065430e+12 2.239739728779811035e+12 2.360892969637325684e+12 3.541339454455977051e+12 7.082678908912022461e+12 5.894553684197695312e+13 8.868618997418822266e+12
9.551918662774003906e+11 9.565942656772580566e+11 7.913094223944305664e+12 8.853081132269128906e+12 1.054694857505154419e+12 1.177287408447872070e+12 1.174070039767998047e+12 1.140067306768290527e+12 1.082581289176875488e+12 1.257053748695001709e+12 1.364395758696889404e+12 1.415633602362032715e+12 1.389033748821957764e+12 1.296339059708434570e+12 1.170964932263998535e+12 1.329054669585901123e+12 1.515822385737562744e+12 1.822986881143811523e+12 2.112216670479142090e+12 2.209072668449434082e+12 2.027619611345014648e+12 1.717273637074780762e+12 2.080189955045761230e+12 2.717403280543779785e+12 3.206641195095297852e+12 2.928726598124150879e+12 2.273778394722711426e+12 1.748018873865602295e+12 1.943973090459821045e+12 2.066210898015908691e+12 2.907223570356034180e+12 4.858904390848995117e+12 1.254206926868099219e+13 1.106555140432234131e+12 1.093262914334660522e+12 1.056087794383053101e+12 1.001754077140794312e+12 1.130336186611373291e+12 1.289416938107214844e+12 1.433557169645924561e+12 1.526401646076380127e+12 1.526256902385987793e+12 1.433197538084346436e+12 1.288980839511045166e+12 1.510374033058029053e+12 1.758839582861149414e+12 1.939931199531455566e+12 1.939808018251094727e+12 1.758564207524330078e+12 1.511215685018202637e+12 1.754733785818741943e+12 2.024861235489272217e+12 2.783935882235675781e+12 3.736333293296420898e+12 3.734211897147087891e+12 2.781304779150188965e+12 2.023173643149265869e+12 2.279026206759425781e+12 3.284018171131774414e+12 5.522901827040058594e+12 8.868618997418822266e+12 6.242535227062121875e+13
