   1.045000e+09,  -1.109589e+00,  1.797385e+01,  -6.469211e+00,  -7.202720e+01,  -6.469211e+00,  -7.202720e+01,  -1.109589e+00,  1.797175e+01
   1.090000e+09,  -1.050649e+00,  1.673449e+01,  -6.678006e+00,  -7.326662e+01,  -6.678006e+00,  -7.326662e+01,  -1.050649e+00,  1.673227e+01
   1.135000e+09,  -9.984893e-01,  1.555117e+01,  -6.874093e+00,  -7.444999e+01,  -6.874093e+00,  -7.444999e+01,  -9.984893e-01,  1.554884e+01
   1.180000e+09,  -9.522642e-01,  1.441808e+01,  -7.057704e+00,  -7.558314e+01,  -7.057704e+00,  -7.558314e+01,  -9.522642e-01,  1.441565e+01
   1.225000e+09,  -9.112624e-01,  1.333001e+01,  -7.229076e+00,  -7.667127e+01,  -7.229076e+00,  -7.667127e+01,  -9.112624e-01,  1.332745e+01
   1.270000e+09,  -8.748845e-01,  1.228223e+01,  -7.388437e+00,  -7.771910e+01,  -7.388437e+00,  -7.771910e+01,  -8.748845e-01,  1.227956e+01
   1.315000e+09,  -8.426233e-01,  1.127050e+01,  -7.536010e+00,  -7.873089e+01,  -7.536010e+00,  -7.873089e+01,  -8.426233e-01,  1.126771e+01
   1.360000e+09,  -8.140488e-01,  1.029095e+01,  -7.672007e+00,  -7.971051e+01,  -7.672007e+00,  -7.971051e+01,  -8.140488e-01,  1.028804e+01
   1.405000e+09,  -7.887963e-01,  9.340047e+00,  -7.796625e+00,  -8.066147e+01,  -7.796625e+00,  -8.066147e+01,  -7.887963e-01,  9.337006e+00
   1.450000e+09,  -7.665556e-01,  8.414560e+00,  -7.910048e+00,  -8.158703e+01,  -7.910048e+00,  -8.158703e+01,  -7.665556e-01,  8.411387e+00
   1.495000e+09,  -7.470636e-01,  7.511510e+00,  -8.012446e+00,  -8.249014e+01,  -8.012446e+00,  -8.249014e+01,  -7.470636e-01,  7.508202e+00
   1.540000e+09,  -7.300974e-01,  6.628134e+00,  -8.103971e+00,  -8.337359e+01,  -8.103971e+00,  -8.337359e+01,  -7.300974e-01,  6.624687e+00
   1.585000e+09,  -7.154688e-01,  5.761862e+00,  -8.184760e+00,  -8.423993e+01,  -8.184760e+00,  -8.423993e+01,  -7.154688e-01,  5.758271e+00
   1.630000e+09,  -7.030201e-01,  4.910279e+00,  -8.254935e+00,  -8.509159e+01,  -8.254935e+00,  -8.509159e+01,  -7.030201e-01,  4.906540e+00
   1.675000e+09,  -6.926204e-01,  4.071108e+00,  -8.314599e+00,  -8.593084e+01,  -8.314599e+00,  -8.593084e+01,  -6.926204e-01,  4.067215e+00
   1.720000e+09,  -6.841627e-01,  3.242181e+00,  -8.363840e+00,  -8.675984e+01,  -8.363840e+00,  -8.675984e+01,  -6.841627e-01,  3.238130e+00
   1.765000e+09,  -6.775618e-01,  2.421422e+00,  -8.402731e+00,  -8.758069e+01,  -8.402731e+00,  -8.758069e+01,  -6.775618e-01,  2.417207e+00
   1.810000e+09,  -6.727522e-01,  1.606828e+00,  -8.431327e+00,  -8.839536e+01,  -8.431327e+00,  -8.839536e+01,  -6.727522e-01,  1.602442e+00
   1.855000e+09,  -6.696871e-01,  7.964472e-01,  -8.449666e+00,  -8.920583e+01,  -8.449666e+00,  -8.920583e+01,  -6.696871e-01,  7.918841e-01
   1.900000e+09,  -6.683372e-01,  -1.163605e-02,  -8.457771e+00,  -9.001401e+01,  -8.457771e+00,  -9.001401e+01,  -6.683372e-01,  -1.638333e-02
   1.945000e+09,  -6.686903e-01,  -8.193180e-01,  -8.455649e+00,  -9.082179e+01,  -8.455649e+00,  -9.082179e+01,  -6.686903e-01,  -8.242571e-01
   1.990000e+09,  -6.707509e-01,  -1.628493e+00,  -8.443290e+00,  -9.163106e+01,  -8.443290e+00,  -9.163106e+01,  -6.707509e-01,  -1.633632e+00
   2.035000e+09,  -6.745404e-01,  -2.441067e+00,  -8.420669e+00,  -9.244374e+01,  -8.420669e+00,  -9.244374e+01,  -6.745404e-01,  -2.446415e+00
   2.080000e+09,  -6.800976e-01,  -3.258981e+00,  -8.387743e+00,  -9.326176e+01,  -8.387743e+00,  -9.326176e+01,  -6.800976e-01,  -3.264547e+00
   2.125000e+09,  -6.874794e-01,  -4.084220e+00,  -8.344453e+00,  -9.408712e+01,  -8.344453e+00,  -9.408712e+01,  -6.874794e-01,  -4.090014e+00
   2.170000e+09,  -6.967619e-01,  -4.918835e+00,  -8.290723e+00,  -9.492185e+01,  -8.290723e+00,  -9.492185e+01,  -6.967619e-01,  -4.924869e+00
   2.215000e+09,  -7.080423e-01,  -5.764965e+00,  -8.226463e+00,  -9.576811e+01,  -8.226463e+00,  -9.576811e+01,  -7.080423e-01,  -5.771250e+00
   2.260000e+09,  -7.214409e-01,  -6.624852e+00,  -8.151564e+00,  -9.662813e+01,  -8.151564e+00,  -9.662813e+01,  -7.214409e-01,  -6.631401e+00
   2.305000e+09,  -7.371035e-01,  -7.500867e+00,  -8.065899e+00,  -9.750428e+01,  -8.065899e+00,  -9.750428e+01,  -7.371035e-01,  -7.507694e+00
   2.350000e+09,  -7.552050e-01,  -8.395533e+00,  -7.969327e+00,  -9.839909e+01,  -7.969327e+00,  -9.839909e+01,  -7.552050e-01,  -8.402654e+00
   2.395000e+09,  -7.759535e-01,  -9.311553e+00,  -7.861688e+00,  -9.931527e+01,  -7.861688e+00,  -9.931527e+01,  -7.759535e-01,  -9.318986e+00
   2.440000e+09,  -7.995951e-01,  -1.025184e+01,  -7.742807e+00,  -1.002557e+02,  -7.742807e+00,  -1.002557e+02,  -7.995951e-01,  -1.025961e+01
   2.485000e+09,  -8.264204e-01,  -1.121956e+01,  -7.612492e+00,  -1.012236e+02,  -7.612492e+00,  -1.012236e+02,  -8.264204e-01,  -1.122767e+01
   2.530000e+09,  -8.567720e-01,  -1.221815e+01,  -7.470536e+00,  -1.022224e+02,  -7.470536e+00,  -1.022224e+02,  -8.567720e-01,  -1.222664e+01
   2.575000e+09,  -8.910535e-01,  -1.325139e+01,  -7.316717e+00,  -1.032558e+02,  -7.316717e+00,  -1.032558e+02,  -8.910535e-01,  -1.326027e+01
   2.620000e+09,  -9.297418e-01,  -1.432342e+01,  -7.150800e+00,  -1.043281e+02,  -7.150800e+00,  -1.043281e+02,  -9.297418e-01,  -1.433273e+01
   2.665000e+09,  -9.734006e-01,  -1.543884e+01,  -6.972540e+00,  -1.054437e+02,  -6.972540e+00,  -1.054437e+02,  -9.734006e-01,  -1.544861e+01
   2.710000e+09,  -1.022699e+00,  -1.660274e+01,  -6.781685e+00,  -1.066079e+02,  -6.781685e+00,  -1.066079e+02,  -1.022699e+00,  -1.661299e+01
   2.755000e+09,  -1.078432e+00,  -1.782079e+01,  -6.577979e+00,  -1.078262e+02,  -6.577979e+00,  -1.078262e+02,  -1.078432e+00,  -1.783157e+01
   2.800000e+09,  -1.141551e+00,  -1.909932e+01,  -6.361170e+00,  -1.091050e+02,  -6.361170e+00,  -1.091050e+02,  -1.141551e+00,  -1.911067e+01
   2.845000e+09,  -1.213196e+00,  -2.044543e+01,  -6.131019e+00,  -1.104514e+02,  -6.131019e+00,  -1.104514e+02,  -1.213196e+00,  -2.045742e+01
   2.890000e+09,  -1.294742e+00,  -2.186711e+01,  -5.887309e+00,  -1.118734e+02,  -5.887309e+00,  -1.118734e+02,  -1.294742e+00,  -2.187978e+01
   2.935000e+09,  -1.387856e+00,  -2.337333e+01,  -5.629863e+00,  -1.133800e+02,  -5.629863e+00,  -1.133800e+02,  -1.387856e+00,  -2.338674e+01
   2.980000e+09,  -1.494567e+00,  -2.497420e+01,  -5.358564e+00,  -1.149813e+02,  -5.358564e+00,  -1.149813e+02,  -1.494567e+00,  -2.498844e+01
   3.025000e+09,  -1.617364e+00,  -2.668114e+01,  -5.073380e+00,  -1.166887e+02,  -5.073380e+00,  -1.166887e+02,  -1.617364e+00,  -2.669629e+01
   3.070000e+09,  -1.759317e+00,  -2.850699e+01,  -4.774406e+00,  -1.185151e+02,  -4.774406e+00,  -1.185151e+02,  -1.759317e+00,  -2.852318e+01
   3.115000e+09,  -1.924240e+00,  -3.046624e+01,  -4.461904e+00,  -1.204749e+02,  -4.461904e+00,  -1.204749e+02,  -1.924240e+00,  -3.048357e+01
   3.160000e+09,  -2.116906e+00,  -3.257508e+01,  -4.136372e+00,  -1.225844e+02,  -4.136372e+00,  -1.225844e+02,  -2.116906e+00,  -3.259372e+01
   3.205000e+09,  -2.343329e+00,  -3.485159e+01,  -3.798619e+00,  -1.248617e+02,  -3.798619e+00,  -1.248617e+02,  -2.343329e+00,  -3.487172e+01
   3.250000e+09,  -2.611161e+00,  -3.731573e+01,  -3.449869e+00,  -1.273267e+02,  -3.449869e+00,  -1.273267e+02,  -2.611161e+00,  -3.733758e+01
   3.295000e+09,  -2.930218e+00,  -3.998923e+01,  -3.091886e+00,  -1.300012e+02,  -3.091886e+00,  -1.300012e+02,  -2.930218e+00,  -4.001310e+01
   3.340000e+09,  -3.313236e+00,  -4.289529e+01,  -2.727124e+00,  -1.329084e+02,  -2.727124e+00,  -1.329084e+02,  -3.313236e+00,  -4.292156e+01
   3.385000e+09,  -3.776936e+00,  -4.605794e+01,  -2.358905e+00,  -1.360725e+02,  -2.358905e+00,  -1.360725e+02,  -3.776936e+00,  -4.608710e+01
   3.430000e+09,  -4.343618e+00,  -4.950090e+01,  -1.991609e+00,  -1.395173e+02,  -1.991609e+00,  -1.395173e+02,  -4.343618e+00,  -4.953363e+01
   3.475000e+09,  -5.043630e+00,  -5.324585e+01,  -1.630855e+00,  -1.432645e+02,  -1.630855e+00,  -1.432645e+02,  -5.043630e+00,  -5.328309e+01
   3.520000e+09,  -5.919453e+00,  -5.730987e+01,  -1.283633e+00,  -1.473314e+02,  -1.283633e+00,  -1.473314e+02,  -5.919453e+00,  -5.735300e+01
   3.565000e+09,  -7.033026e+00,  -6.170204e+01,  -9.583357e-01,  -1.517276e+02,  -9.583357e-01,  -1.517276e+02,  -7.033026e+00,  -6.175320e+01
   3.610000e+09,  -8.480386e+00,  -6.641929e+01,  -6.645863e-01,  -1.564507e+02,  -6.645863e-01,  -1.564507e+02,  -8.480386e+00,  -6.648208e+01
   3.655000e+09,  -1.042519e+01,  -7.144174e+01,  -4.128022e-01,  -1.614823e+02,  -4.128022e-01,  -1.614823e+02,  -1.042519e+01,  -7.152285e+01
   3.700000e+09,  -1.319168e+01,  -7.672756e+01,  -2.134245e-01,  -1.667848e+02,  -2.134245e-01,  -1.667848e+02,  -1.319168e+01,  -7.684196e+01
   3.745000e+09,  -1.761612e+01,  -8.220283e+01,  -7.585067e-02,  -1.722997e+02,  -7.585067e-02,  -1.722997e+02,  -1.761612e+01,  -8.239652e+01
   3.790000e+09,  -2.779178e+01,  -8.763469e+01,  -7.227159e-03,  -1.779498e+02,  -7.227159e-03,  -1.779498e+02,  -2.779178e+01,  -8.826489e+01
   3.835000e+09,  -2.582338e+01,  8.610448e+01,  -1.137667e-02,  1.763554e+02,  -1.137667e-02,  1.763554e+02,  -2.582338e+01,  8.660630e+01
   3.880000e+09,  -1.696861e+01,  8.062137e+01,  -8.817066e-02,  1.707109e+02,  -8.817066e-02,  1.707109e+02,  -1.696861e+01,  8.080052e+01
   3.925000e+09,  -1.281028e+01,  7.515234e+01,  -2.335511e-01,  1.652068e+02,  -2.335511e-01,  1.652068e+02,  -1.281028e+01,  7.526117e+01
   3.970000e+09,  -1.015964e+01,  6.988000e+01,  -4.401943e-01,  1.599190e+02,  -4.401943e-01,  1.599190e+02,  -1.015964e+01,  6.995801e+01
   4.015000e+09,  -8.280166e+00,  6.487446e+01,  -6.986017e-01,  1.549048e+02,  -6.986017e-01,  1.549048e+02,  -8.280166e+00,  6.493512e+01
   4.060000e+09,  -6.874800e+00,  6.017572e+01,  -9.983065e-01,  1.502005e+02,  -9.983065e-01,  1.502005e+02,  -6.874800e+00,  6.022524e+01
   4.105000e+09,  -5.790369e+00,  5.580239e+01,  -1.328925e+00,  1.458233e+02,  -1.328925e+00,  1.458233e+02,  -5.790369e+00,  5.584414e+01
   4.150000e+09,  -4.935785e+00,  5.175658e+01,  -1.680907e+00,  1.417746e+02,  -1.680907e+00,  1.417746e+02,  -4.935785e+00,  5.179257e+01
   4.195000e+09,  -4.251773e+00,  4.802853e+01,  -2.045955e+00,  1.380443e+02,  -2.045955e+00,  1.380443e+02,  -4.251773e+00,  4.806007e+01
   4.240000e+09,  -3.697433e+00,  4.460068e+01,  -2.417179e+00,  1.346147e+02,  -2.417179e+00,  1.346147e+02,  -3.697433e+00,  4.462868e+01
   4.285000e+09,  -3.243418e+00,  4.145110e+01,  -2.789060e+00,  1.314636e+02,  -2.789060e+00,  1.314636e+02,  -3.243418e+00,  4.147618e+01
   4.330000e+09,  -2.868095e+00,  3.855586e+01,  -3.157319e+00,  1.285672e+02,  -3.157319e+00,  1.285672e+02,  -2.868095e+00,  3.857850e+01
   4.375000e+09,  -2.555200e+00,  3.589081e+01,  -3.518733e+00,  1.259011e+02,  -3.518733e+00,  1.259011e+02,  -2.555200e+00,  3.591135e+01
   4.420000e+09,  -2.292318e+00,  3.343258e+01,  -3.870955e+00,  1.234419e+02,  -3.870955e+00,  1.234419e+02,  -2.292318e+00,  3.345128e+01
   4.465000e+09,  -2.069850e+00,  3.115918e+01,  -4.212354e+00,  1.211677e+02,  -4.212354e+00,  1.211677e+02,  -2.069850e+00,  3.117625e+01
   4.510000e+09,  -1.880284e+00,  2.905022e+01,  -4.541883e+00,  1.190580e+02,  -4.541883e+00,  1.190580e+02,  -1.880284e+00,  2.906581e+01
   4.555000e+09,  -1.717672e+00,  2.708684e+01,  -4.859007e+00,  1.170939e+02,  -4.859007e+00,  1.170939e+02,  -1.717672e+00,  2.710103e+01
   4.600000e+09,  -1.577214e+00,  2.525128e+01,  -5.163703e+00,  1.152577e+02,  -5.163703e+00,  1.152577e+02,  -1.577214e+00,  2.526412e+01
   4.645000e+09,  -1.454916e+00,  2.352595e+01,  -5.456631e+00,  1.135317e+02,  -5.456631e+00,  1.135317e+02,  -1.454916e+00,  2.353741e+01
   4.690000e+09,  -1.347162e+00,  2.189062e+01,  -5.739829e+00,  1.118956e+02,  -5.739829e+00,  1.118956e+02,  -1.347162e+00,  2.190050e+01
   4.735000e+09,  -1.249724e+00,  2.031204e+01,  -6.019591e+00,  1.103159e+02,  -6.019591e+00,  1.103159e+02,  -1.249724e+00,  2.031977e+01
   4.780000e+09,  -1.152167e+00,  1.867601e+01,  -6.326045e+00,  1.086776e+02,  -6.326045e+00,  1.086776e+02,  -1.152167e+00,  1.867914e+01
   4.825000e+09,  -6.081715e-01,  1.055541e+01,  -8.838120e+00,  1.005000e+02,  -8.838120e+00,  1.005000e+02,  -6.081715e-01,  1.044464e+01
   4.870000e+09,  -1.099462e+00,  1.700962e+01,  -6.504180e+00,  1.070190e+02,  -6.504180e+00,  1.070190e+02,  -1.099462e+00,  1.702846e+01
   4.915000e+09,  -1.022771e+00,  1.552789e+01,  -6.781411e+00,  1.055346e+02,  -6.781411e+00,  1.055346e+02,  -1.022771e+00,  1.554136e+01
   4.960000e+09,  -9.675621e-01,  1.427918e+01,  -6.995858e+00,  1.042849e+02,  -6.995858e+00,  1.042849e+02,  -9.675621e-01,  1.429056e+01
   5.005000e+09,  -9.214735e-01,  1.312094e+01,  -7.185608e+00,  1.031260e+02,  -7.185608e+00,  1.031260e+02,  -9.214735e-01,  1.313102e+01
   5.050000e+09,  -8.816767e-01,  1.202216e+01,  -7.358132e+00,  1.020267e+02,  -7.358132e+00,  1.020267e+02,  -8.816767e-01,  1.203125e+01
   5.095000e+09,  -8.469137e-01,  1.096981e+01,  -7.516029e+00,  1.009739e+02,  -7.516029e+00,  1.009739e+02,  -8.469137e-01,  1.097808e+01
   5.140000e+09,  -8.164200e-01,  9.956142e+00,  -7.660524e+00,  9.995992e+01,  -7.660524e+00,  9.995992e+01,  -8.164200e-01,  9.963704e+00
   5.185000e+09,  -7.896534e-01,  8.975621e+00,  -7.792324e+00,  9.897908e+01,  -7.792324e+00,  9.897908e+01,  -7.896534e-01,  8.982537e+00
   5.230000e+09,  -7.661986e-01,  8.023806e+00,  -7.911898e+00,  9.802696e+01,  -7.911898e+00,  9.802696e+01,  -7.661986e-01,  8.030122e+00
   5.275000e+09,  -7.457240e-01,  7.096936e+00,  -8.019590e+00,  9.709981e+01,  -8.019590e+00,  9.709981e+01,  -7.457240e-01,  7.102686e+00
   5.320000e+09,  -7.279600e-01,  6.191700e+00,  -8.115665e+00,  9.619430e+01,  -8.115665e+00,  9.619430e+01,  -7.279600e-01,  6.196909e+00
   5.365000e+09,  -7.126851e-01,  5.305118e+00,  -8.200337e+00,  9.530746e+01,  -8.200337e+00,  9.530746e+01,  -7.126851e-01,  5.309804e+00
   5.410000e+09,  -6.997171e-01,  4.434460e+00,  -8.273780e+00,  9.443655e+01,  -8.273780e+00,  9.443655e+01,  -6.997171e-01,  4.438638e+00
   5.455000e+09,  -6.889068e-01,  3.577190e+00,  -8.336139e+00,  9.357903e+01,  -8.336139e+00,  9.357903e+01,  -6.889068e-01,  3.580869e+00
   5.500000e+09,  -6.801336e-01,  2.730926e+00,  -8.387530e+00,  9.273252e+01,  -8.387530e+00,  9.273252e+01,  -6.801336e-01,  2.734113e+00
   5.545000e+09,  -6.733021e-01,  1.893407e+00,  -8.428046e+00,  9.189476e+01,  -8.428046e+00,  9.189476e+01,  -6.733021e-01,  1.896105e+00
   5.590000e+09,  -6.683393e-01,  1.062461e+00,  -8.457758e+00,  9.106357e+01,  -8.457758e+00,  9.106357e+01,  -6.683393e-01,  1.064672e+00
   5.635000e+09,  -6.651933e-01,  2.359888e-01,  -8.476716e+00,  9.023685e+01,  -8.476716e+00,  9.023685e+01,  -6.651933e-01,  2.377115e-01
   5.680000e+09,  -6.638318e-01,  -5.880672e-01,  -8.484951e+00,  8.941255e+01,  -8.484951e+00,  8.941255e+01,  -6.638318e-01,  -5.868359e-01
   5.725000e+09,  -6.642411e-01,  -1.411737e+00,  -8.482474e+00,  8.858863e+01,  -8.482474e+00,  8.858863e+01,  -6.642411e-01,  -1.411003e+00
   5.770000e+09,  -6.664259e-01,  -2.237046e+00,  -8.469277e+00,  8.776307e+01,  -8.469277e+00,  8.776307e+01,  -6.664259e-01,  -2.236816e+00
   5.815000e+09,  -6.704097e-01,  -3.066033e+00,  -8.445334e+00,  8.693383e+01,  -8.445334e+00,  8.693383e+01,  -6.704097e-01,  -3.066317e+00
   5.860000e+09,  -6.762345e-01,  -3.900769e+00,  -8.410600e+00,  8.609883e+01,  -8.410600e+00,  8.609883e+01,  -6.762345e-01,  -3.901578e+00
   5.905000e+09,  -6.839627e-01,  -4.743377e+00,  -8.365013e+00,  8.525595e+01,  -8.365013e+00,  8.525595e+01,  -6.839627e-01,  -4.744725e+00
   5.950000e+09,  -6.936774e-01,  -5.596054e+00,  -8.308490e+00,  8.440299e+01,  -8.308490e+00,  8.440299e+01,  -6.936774e-01,  -5.597959e+00
   5.995000e+09,  -7.054852e-01,  -6.461092e+00,  -8.240933e+00,  8.353767e+01,  -8.240933e+00,  8.353767e+01,  -7.054852e-01,  -6.463571e+00
   6.040000e+09,  -7.195176e-01,  -7.340900e+00,  -8.162222e+00,  8.265756e+01,  -8.162222e+00,  8.265756e+01,  -7.195176e-01,  -7.343975e+00
   6.085000e+09,  -7.359351e-01,  -8.238030e+00,  -8.072220e+00,  8.176012e+01,  -8.072220e+00,  8.176012e+01,  -7.359351e-01,  -8.241725e+00
   6.130000e+09,  -7.549302e-01,  -9.155207e+00,  -7.970774e+00,  8.084262e+01,  -7.970774e+00,  8.084262e+01,  -7.549302e-01,  -9.159550e+00
   6.175000e+09,  -7.767326e-01,  -1.009536e+01,  -7.857707e+00,  7.990213e+01,  -7.857707e+00,  7.990213e+01,  -7.767326e-01,  -1.010038e+01
   6.220000e+09,  -8.016147e-01,  -1.106165e+01,  -7.732830e+00,  7.893548e+01,  -7.732830e+00,  7.893548e+01,  -8.016147e-01,  -1.106738e+01
   6.265000e+09,  -8.298994e-01,  -1.205752e+01,  -7.595933e+00,  7.793924e+01,  -7.595933e+00,  7.793924e+01,  -8.298994e-01,  -1.206401e+01
   6.310000e+09,  -8.619682e-01,  -1.308673e+01,  -7.446789e+00,  7.690962e+01,  -7.446789e+00,  7.690962e+01,  -8.619682e-01,  -1.309402e+01
   6.355000e+09,  -8.982731e-01,  -1.415343e+01,  -7.285157e+00,  7.584250e+01,  -7.285157e+00,  7.584250e+01,  -8.982731e-01,  -1.416157e+01
   6.400000e+09,  -9.393497e-01,  -1.526218e+01,  -7.110782e+00,  7.473330e+01,  -7.110782e+00,  7.473330e+01,  -9.393497e-01,  -1.527122e+01
   6.445000e+09,  -9.858346e-01,  -1.641806e+01,  -6.923400e+00,  7.357693e+01,  -6.923400e+00,  7.357693e+01,  -9.858346e-01,  -1.642807e+01
   6.490000e+09,  -1.038486e+00,  -1.762671e+01,  -6.722737e+00,  7.236776e+01,  -6.722737e+00,  7.236776e+01,  -1.038486e+00,  -1.763776e+01
   6.535000e+09,  -1.098212e+00,  -1.889445e+01,  -6.508521e+00,  7.109946e+01,  -6.508521e+00,  7.109946e+01,  -1.098212e+00,  -1.890662e+01
   6.580000e+09,  -1.166103e+00,  -2.022835e+01,  -6.280487e+00,  6.976495e+01,  -6.280487e+00,  6.976495e+01,  -1.166103e+00,  -2.024175e+01
   6.625000e+09,  -1.243475e+00,  -2.163639e+01,  -6.038386e+00,  6.835624e+01,  -6.038386e+00,  6.835624e+01,  -1.243475e+00,  -2.165112e+01
   6.670000e+09,  -1.331924e+00,  -2.312755e+01,  -5.782003e+00,  6.686436e+01,  -5.782003e+00,  6.686436e+01,  -1.331924e+00,  -2.314373e+01
   6.715000e+09,  -1.433401e+00,  -2.471196e+01,  -5.511173e+00,  6.527914e+01,  -5.511173e+00,  6.527914e+01,  -1.433401e+00,  -2.472975e+01
   6.760000e+09,  -1.550296e+00,  -2.640110e+01,  -5.225811e+00,  6.358911e+01,  -5.225811e+00,  6.358911e+01,  -1.550296e+00,  -2.642067e+01
   6.805000e+09,  -1.685566e+00,  -2.820793e+01,  -4.925945e+00,  6.178129e+01,  -4.925945e+00,  6.178129e+01,  -1.685566e+00,  -2.822949e+01
   6.850000e+09,  -1.842887e+00,  -3.014710e+01,  -4.611764e+00,  5.984101e+01,  -4.611764e+00,  5.984101e+01,  -1.842887e+00,  -3.017089e+01
   6.895000e+09,  -2.026870e+00,  -3.223509e+01,  -4.283675e+00,  5.775175e+01,  -4.283675e+00,  5.775175e+01,  -2.026870e+00,  -3.226142e+01
   6.940000e+09,  -2.243337e+00,  -3.449039e+01,  -3.942391e+00,  5.549500e+01,  -3.942391e+00,  5.549500e+01,  -2.243337e+00,  -3.451962e+01
   6.985000e+09,  -2.499704e+00,  -3.693354e+01,  -3.589025e+00,  5.305016e+01,  -3.589025e+00,  5.305016e+01,  -2.499704e+00,  -3.696613e+01
   7.030000e+09,  -2.805511e+00,  -3.958712e+01,  -3.225225e+00,  5.039462e+01,  -3.225225e+00,  5.039462e+01,  -2.805511e+00,  -3.962363e+01
   7.075000e+09,  -3.173155e+00,  -4.247545e+01,  -2.853332e+00,  4.750396e+01,  -2.853332e+00,  4.750396e+01,  -3.173155e+00,  -4.251663e+01
   7.120000e+09,  -3.618941e+00,  -4.562406e+01,  -2.476566e+00,  4.435253e+01,  -2.476566e+00,  4.435253e+01,  -3.618941e+00,  -4.567088e+01
   7.165000e+09,  -4.164645e+00,  -4.905860e+01,  -2.099240e+00,  4.091452e+01,  -2.099240e+00,  4.091452e+01,  -4.164645e+00,  -4.911237e+01
   7.210000e+09,  -4.839911e+00,  -5.280312e+01,  -1.726967e+00,  3.716560e+01,  -1.726967e+00,  3.716560e+01,  -4.839911e+00,  -5.286568e+01
   7.255000e+09,  -5.686193e+00,  -5.687746e+01,  -1.366834e+00,  3.308553e+01,  -1.366834e+00,  3.308553e+01,  -5.686193e+00,  -5.695148e+01
   7.300000e+09,  -6.763739e+00,  -6.129358e+01,  -1.027476e+00,  2.866160e+01,  -1.027476e+00,  2.866160e+01,  -6.763739e+00,  -6.138321e+01
   7.345000e+09,  -8.165370e+00,  -6.605097e+01,  -7.189506e-01,  2.389296e+01,  -7.189506e-01,  2.389296e+01,  -8.165370e+00,  -6.616310e+01
   7.390000e+09,  -1.004757e+01,  -7.113099e+01,  -4.523211e-01,  1.879532e+01,  -4.523211e-01,  1.879532e+01,  -1.004757e+01,  -7.127837e+01
   7.435000e+09,  -1.271505e+01,  -7.648973e+01,  -2.388735e-01,  1.340501e+01,  -2.388735e-01,  1.340501e+01,  -1.271505e+01,  -7.670025e+01
   7.480000e+09,  -1.692980e+01,  -8.204074e+01,  -8.897030e-02,  7.781062e+00,  -8.897030e-02,  7.781062e+00,  -1.692980e+01,  -8.239713e+01
   7.525000e+09,  -2.608779e+01,  -8.746819e+01,  -1.070387e-02,  2.003707e+00,  -1.070387e-02,  2.003707e+00,  -2.608779e+01,  -8.852439e+01
   7.570000e+09,  -2.701034e+01,  8.556805e+01,  -8.653329e-03,  -3.831338e+00,  -8.653330e-03,  -3.831338e+00,  -2.701034e+01,  8.676927e+01
   7.615000e+09,  -1.722275e+01,  8.018055e+01,  -8.311100e-02,  -9.622298e+00,  -8.311100e-02,  -9.622298e+00,  -1.722275e+01,  8.057485e+01
   7.660000e+09,  -1.287432e+01,  7.460772e+01,  -2.300403e-01,  -1.527232e+01,  -2.300403e-01,  -1.527232e+01,  -1.287432e+01,  7.484765e+01
   7.705000e+09,  -1.014479e+01,  6.921355e+01,  -4.417812e-01,  -2.069919e+01,  -4.417812e-01,  -2.069919e+01,  -1.014479e+01,  6.938807e+01
   7.750000e+09,  -8.225201e+00,  6.408919e+01,  -7.082660e-01,  -2.584161e+01,  -7.082660e-01,  -2.584161e+01,  -8.225201e+00,  6.422759e+01
   7.795000e+09,  -6.797978e+00,  5.928107e+01,  -1.018383e+00,  -3.066115e+01,  -1.018383e+00,  -3.066115e+01,  -6.797978e+00,  5.939663e+01
   7.840000e+09,  -5.701538e+00,  5.480946e+01,  -1.361172e+00,  -3.514061e+01,  -1.361172e+00,  -3.514061e+01,  -5.701538e+00,  5.490932e+01
   7.885000e+09,  -4.840495e+00,  5.067555e+01,  -1.726682e+00,  -3.928021e+01,  -1.726682e+00,  -3.928021e+01,  -4.840495e+00,  5.076403e+01
   7.930000e+09,  -4.153033e+00,  4.686693e+01,  -2.106473e+00,  -4.309312e+01,  -2.106473e+00,  -4.309312e+01,  -4.153033e+00,  4.694684e+01
   7.975000e+09,  -3.596553e+00,  4.336190e+01,  -2.493855e+00,  -4.660143e+01,  -2.493855e+00,  -4.660143e+01,  -3.596553e+00,  4.343523e+01
   8.020000e+09,  -3.140370e+00,  4.013249e+01,  -2.884012e+00,  -4.983338e+01,  -2.884012e+00,  -4.983338e+01,  -3.140370e+00,  4.020075e+01
   8.065000e+09,  -2.761506e+00,  3.714542e+01,  -3.274218e+00,  -5.282235e+01,  -3.274218e+00,  -5.282235e+01,  -2.761506e+00,  3.720988e+01
   8.110000e+09,  -2.441791e+00,  3.435970e+01,  -3.664600e+00,  -5.560937e+01,  -3.664600e+00,  -5.560937e+01,  -2.441791e+00,  3.442157e+01
   8.155000e+09,  -2.165015e+00,  3.171487e+01,  -4.060865e+00,  -5.825472e+01,  -4.060865e+00,  -5.825472e+01,  -2.165015e+00,  3.177569e+01
   8.200000e+09,  -1.910863e+00,  2.908042e+01,  -4.486004e+00,  -6.088827e+01,  -4.486004e+00,  -6.088827e+01,  -1.910863e+00,  2.914303e+01
   8.245000e+09,  -1.620660e+00,  2.589871e+01,  -5.066083e+00,  -6.406428e+01,  -5.066083e+00,  -6.406428e+01,  -1.620660e+00,  2.597274e+01
   8.290000e+09,  -4.027217e+00,  -6.002152e+01,  -2.186899e+00,  3.051074e+01,  -2.186899e+00,  3.051074e+01,  -4.027217e+00,  -5.895700e+01
   8.335000e+09,  -1.775417e+00,  2.644909e+01,  -4.742347e+00,  -6.354544e+01,  -4.742347e+00,  -6.354544e+01,  -1.775417e+00,  2.646004e+01
   8.380000e+09,  -1.538601e+00,  2.366096e+01,  -5.253196e+00,  -6.632684e+01,  -5.253196e+00,  -6.632684e+01,  -1.538601e+00,  2.368536e+01
   8.425000e+09,  -1.398109e+00,  2.170336e+01,  -5.602750e+00,  -6.828279e+01,  -5.602750e+00,  -6.828279e+01,  -1.398109e+00,  2.173107e+01
   8.470000e+09,  -1.290335e+00,  2.002088e+01,  -5.900024e+00,  -6.996480e+01,  -5.900024e+00,  -6.996480e+01,  -1.290335e+00,  2.004953e+01
   8.515000e+09,  -1.201463e+00,  1.849466e+01,  -6.167629e+00,  -7.149099e+01,  -6.167629e+00,  -7.149099e+01,  -1.201463e+00,  1.852337e+01
   8.560000e+09,  -1.125985e+00,  1.707943e+01,  -6.413354e+00,  -7.290638e+01,  -6.413354e+00,  -7.290638e+01,  -1.125985e+00,  1.710781e+01
   8.605000e+09,  -1.060913e+00,  1.575161e+01,  -6.640710e+00,  -7.423447e+01,  -6.640710e+00,  -7.423447e+01,  -1.060913e+00,  1.577946e+01
   8.650000e+09,  -1.004322e+00,  1.449627e+01,  -6.851601e+00,  -7.549011e+01,  -6.851601e+00,  -7.549011e+01,  -1.004322e+00,  1.452351e+01
   8.695000e+09,  -9.548408e-01,  1.330272e+01,  -7.047210e+00,  -7.668400e+01,  -7.047210e+00,  -7.668400e+01,  -9.548408e-01,  1.332928e+01
   8.740000e+09,  -9.114306e-01,  1.216263e+01,  -7.228355e+00,  -7.782444e+01,  -7.228355e+00,  -7.782444e+01,  -9.114306e-01,  1.218850e+01
   8.785000e+09,  -8.732769e-01,  1.106922e+01,  -7.395648e+00,  -7.891820e+01,  -7.395648e+00,  -7.891820e+01,  -8.732769e-01,  1.109438e+01
   8.830000e+09,  -8.397251e-01,  1.001676e+01,  -7.549571e+00,  -7.997101e+01,  -7.549571e+00,  -7.997101e+01,  -8.397251e-01,  1.004121e+01
   8.875000e+09,  -8.102410e-01,  9.000285e+00,  -7.690525e+00,  -8.098784e+01,  -7.690525e+00,  -8.098784e+01,  -8.102410e-01,  9.024031e+00
   8.920000e+09,  -7.843845e-01,  8.015431e+00,  -7.818844e+00,  -8.197305e+01,  -7.818844e+00,  -8.197305e+01,  -7.843845e-01,  8.038471e+00
   8.965000e+09,  -7.617902e-01,  7.058302e+00,  -7.934818e+00,  -8.293053e+01,  -7.934818e+00,  -8.293053e+01,  -7.617902e-01,  7.080637e+00
   9.010000e+09,  -7.421542e-01,  6.125378e+00,  -8.038695e+00,  -8.386381e+01,  -8.038695e+00,  -8.386381e+01,  -7.421542e-01,  6.147010e+00
   9.055000e+09,  -7.252235e-01,  5.213452e+00,  -8.130691e+00,  -8.477608e+01,  -8.130691e+00,  -8.477608e+01,  -7.252235e-01,  5.234379e+00
   9.100000e+09,  -7.107878e-01,  4.319567e+00,  -8.210991e+00,  -8.567032e+01,  -8.210991e+00,  -8.567032e+01,  -7.107878e-01,  4.339787e+00
   9.145000e+09,  -6.986738e-01,  3.440975e+00,  -8.279753e+00,  -8.654927e+01,  -8.279753e+00,  -8.654927e+01,  -6.986738e-01,  3.460481e+00
   9.190000e+09,  -6.887399e-01,  2.575099e+00,  -8.337110e+00,  -8.741551e+01,  -8.337110e+00,  -8.741551e+01,  -6.887399e-01,  2.593882e+00
   9.235000e+09,  -6.808730e-01,  1.719499e+00,  -8.383171e+00,  -8.827148e+01,  -8.383171e+00,  -8.827148e+01,  -6.808730e-01,  1.737545e+00
   9.280000e+09,  -6.749853e-01,  8.718396e-01,  -8.418022e+00,  -8.911951e+01,  -8.418022e+00,  -8.911951e+01,  -6.749853e-01,  8.891327e-01
   9.325000e+09,  -6.710120e-01,  2.987058e-02,  -8.441727e+00,  -8.996187e+01,  -8.441727e+00,  -8.996187e+01,  -6.710120e-01,  4.638851e-02
   9.370000e+09,  -6.689103e-01,  -8.086028e-01,  -8.454327e+00,  -9.080074e+01,  -8.454327e+00,  -9.080074e+01,  -6.689103e-01,  -7.928868e-01
   9.415000e+09,  -6.686578e-01,  -1.645740e+00,  -8.455844e+00,  -9.163830e+01,  -8.455844e+00,  -9.163830e+01,  -6.686578e-01,  -1.630859e+00
   9.460000e+09,  -6.702523e-01,  -2.483690e+00,  -8.446277e+00,  -9.247669e+01,  -8.446277e+00,  -9.247669e+01,  -6.702523e-01,  -2.469682e+00
   9.505000e+09,  -6.737119e-01,  -3.324608e+00,  -8.425603e+00,  -9.331807e+01,  -8.425603e+00,  -9.331807e+01,  -6.737119e-01,  -3.311522e+00
   9.550000e+09,  -6.790753e-01,  -4.170685e+00,  -8.393778e+00,  -9.416463e+01,  -8.393778e+00,  -9.416463e+01,  -6.790753e-01,  -4.158576e+00
   9.595000e+09,  -6.864025e-01,  -5.024164e+00,  -8.350736e+00,  -9.501863e+01,  -8.350736e+00,  -9.501863e+01,  -6.864025e-01,  -5.013100e+00
   9.640000e+09,  -6.957770e-01,  -5.887369e+00,  -8.296387e+00,  -9.588240e+01,  -8.296387e+00,  -9.588240e+01,  -6.957770e-01,  -5.877432e+00
   9.685000e+09,  -7.073074e-01,  -6.762733e+00,  -8.230616e+00,  -9.675838e+01,  -8.230616e+00,  -9.675838e+01,  -7.073074e-01,  -6.754021e+00
   9.730000e+09,  -7.211305e-01,  -7.652826e+00,  -8.153281e+00,  -9.764914e+01,  -8.153281e+00,  -9.764914e+01,  -7.211305e-01,  -7.645458e+00
   9.775000e+09,  -7.374157e-01,  -8.560396e+00,  -8.064211e+00,  -9.855746e+01,  -8.064211e+00,  -9.855746e+01,  -7.374157e-01,  -8.554519e+00
   9.820000e+09,  -7.563695e-01,  -9.488410e+00,  -7.963200e+00,  -9.948631e+01,  -7.963200e+00,  -9.948631e+01,  -7.563695e-01,  -9.484209e+00
   9.865000e+09,  -7.782437e-01,  -1.044012e+01,  -7.850000e+00,  -1.004390e+02,  -7.850000e+00,  -1.004390e+02,  -7.782437e-01,  -1.043783e+01
   9.910000e+09,  -8.033444e-01,  -1.141913e+01,  -7.724308e+00,  -1.014191e+02,  -7.724308e+00,  -1.014191e+02,  -8.033444e-01,  -1.141905e+01
   9.955000e+09,  -8.320473e-01,  -1.242953e+01,  -7.585747e+00,  -1.024308e+02,  -7.585747e+00,  -1.024308e+02,  -8.320473e-01,  -1.243206e+01
   1.000000e+10,  -8.648196e-01,  -1.347606e+01,  -7.433825e+00,  -1.034789e+02,  -7.433825e+00,  -1.034789e+02,  -8.648196e-01,  -1.348179e+01
